run 2:
[ 48.884205    6.5843444 -32.903545    4.8109236  70.93619    46.196198
  28.740221   13.667809   21.329248  -56.652645   48.122475  -64.10298
  72.575905  -16.85453   -47.453102   27.209574   12.542973  -55.864044
  61.717693  -39.839382 ]

run 3:
[ 49.12009     7.4162726 -32.72187     4.9225783  70.691696   45.012947
  29.418697   12.735866   16.723345  -56.40789    47.742588  -65.42164
  71.19742   -17.986742  -45.516964   26.023176    9.869272  -57.09828
  60.009636  -40.461136 ]

run 4:
[ 49.1951      7.2632556 -32.73696     5.0724254  70.43957    44.954353
  29.33084    12.664599   16.938204  -56.32873    47.737965  -65.40613
  71.13281   -18.093548  -45.568817   26.233631    9.793382  -57.073616
  60.118122  -40.41046  ]

run 5:
[ 49.102238    7.4288125 -32.75378     4.910977   70.592926   45.040333
  29.456228   12.644009   16.754267  -56.40696    47.59762   -65.45547
  71.19921   -17.9957    -45.499985   25.98993     9.763374  -57.079678
  60.078697  -40.291958 ]

