 Time_Seconds Best_Fitness
0 5.0 481609
4 25.0 481609
8 45.0 435315
12 65.0 413706
16 85.0 401335
20 105.0 375805
24 125.0 363001
28 145.0 355488
32 165.0 331813
36 185.0 322239
40 205.0 314977
44 225.0 307057
48 245.0 295008
52 265.0 290113
56 285.0 277540
60 305.0 269412
64 325.0 262167
68 345.0 257420
72 365.0 255028
76 385.0 251919
80 405.0 246012
84 425.0 243208
88 445.0 239283
92 465.0 234161
96 485.0 230143
100 505.0 227385
104 525.0 224679
108 545.0 220184
112 565.0 219047
116 585.0 217503
120 605.0 214021
124 625.0 211495
128 645.0 211185
132 665.0 209921
136 685.0 208394
140 705.0 207781
144 725.0 207119
148 745.0 205574
152 765.0 204776
156 785.0 203997
160 805.0 203987
164 825.0 203256
168 845.0 202840
172 865.0 202618
176 885.0 201935
180 905.0 201884
184 925.0 200986
188 945.0 199798
192 965.0 198425
196 985.0 197464
200 1005.0 195097
204 1025.0 195097
208 1045.0 193528
212 1065.0 193522
216 1085.0 193232
220 1105.0 191931
224 1125.0 191296
228 1145.0 191016
232 1165.0 189875
236 1185.0 189875
240 1205.0 189875
244 1225.0 189875
248 1245.0 189306
252 1265.0 188744
256 1285.0 188235
260 1305.0 187564
264 1325.0 186464
268 1345.0 185378
272 1365.0 183869
276 1385.0 183498
280 1405.0 182671
284 1425.0 182671
288 1445.0 182671
292 1465.0 181749
296 1485.0 180959
300 1505.0 180451
304 1525.0 178762
308 1545.0 178762
312 1565.0 178762
316 1585.0 178762
320 1605.0 176638
324 1625.0 176344
328 1645.0 174321
332 1665.0 173772
336 1685.0 173772
340 1705.0 173772
344 1725.0 173772
348 1745.0 173772
352 1765.0 172276
356 1785.0 171673
360 1805.0 171658
364 1825.0 170001
368 1845.0 169008
372 1865.0 168093
376 1885.0 167766
380 1905.0 167766
384 1925.0 167766
388 1945.0 167766
392 1965.0 167766
396 1985.0 166974
400 2005.0 166283
404 2025.0 164944
408 2045.0 164944
412 2065.0 164944
416 2085.0 164944
420 2105.0 164944
424 2125.0 164944
428 2145.0 164346
432 2165.0 163560
436 2185.0 163341
440 2205.0 162925
444 2225.0 162925
448 2245.0 162925
452 2265.0 162925
456 2285.0 162925
460 2305.0 161913
464 2325.0 161695
468 2345.0 160198
472 2365.0 160198
476 2385.0 160198
480 2405.0 160198
484 2425.0 160198
488 2445.0 158855
492 2465.0 158624
496 2485.0 158069
500 2505.0 158069
504 2525.0 156760
508 2545.0 156760
512 2565.0 156760
516 2585.0 156760
520 2605.0 156119
524 2625.0 156118
528 2645.0 156108
532 2665.0 156108
536 2685.0 156108
540 2705.0 156091
544 2725.0 155739
548 2745.0 155564
552 2765.0 155396
556 2785.0 154800
560 2805.0 154800
564 2825.0 154556
568 2845.0 154016
572 2865.0 153841
576 2885.0 153043
580 2905.0 152477
584 2925.0 152310
588 2945.0 151457
592 2965.0 151411
596 2985.0 151118
600 3005.0 150825
604 3025.0 150646
608 3045.0 150617
612 3065.0 150371
616 3085.0 150237
620 3105.0 150237
624 3125.0 150237
628 3145.0 150097
632 3165.0 150097
636 3185.0 149814
640 3205.0 149617
644 3225.0 149285
648 3245.0 148980
652 3265.0 148971
656 3285.0 147955
660 3305.0 147947
664 3325.0 147834
668 3345.0 147597
672 3365.0 147435
676 3385.0 147052
680 3405.0 146507
684 3425.0 145364
688 3445.0 145117
692 3465.0 144470
696 3485.0 144431
700 3505.0 144421
704 3525.0 144421
708 3545.0 144421
712 3565.0 144329
716 3585.0 143150
720 3605.0 143150
724 3625.0 143058
728 3645.0 143052
732 3665.0 141531
736 3685.0 141531
740 3705.0 140470
744 3725.0 140470
748 3745.0 140242
752 3765.0 140141
756 3785.0 140141
760 3805.0 139285
764 3825.0 138934
768 3845.0 138934
772 3865.0 138934
776 3885.0 138454
780 3905.0 138448
784 3925.0 138448
788 3945.0 138441
792 3965.0 138279
796 3985.0 138279
800 4005.0 137725
804 4025.0 137642
808 4045.0 137642
812 4065.0 137642
816 4085.0 137504
820 4105.0 137500
824 4125.0 137500
828 4145.0 137500
832 4165.0 137500
836 4185.0 137500
840 4205.0 137500
844 4225.0 137500
848 4245.0 137476
852 4265.0 137476
856 4285.0 137476
860 4305.0 137476
864 4325.0 137476
868 4345.0 137476
872 4365.0 136814
876 4385.0 136814
880 4405.0 136561
884 4425.0 136561
888 4445.0 136218
892 4465.0 136218
896 4485.0 136218
900 4505.0 135965
904 4525.0 135736
908 4545.0 135736
912 4565.0 135736
916 4585.0 135618
920 4605.0 135283
924 4625.0 135189
928 4645.0 135189
932 4665.0 135189
936 4685.0 135189
940 4705.0 134721
944 4725.0 134598
948 4745.0 134491
952 4765.0 134491
956 4785.0 134491
960 4805.0 134491
964 4825.0 134465
968 4845.0 134465
972 4865.0 134465
976 4885.0 134465
980 4905.0 134465
984 4925.0 134465
988 4945.0 134291
992 4965.0 133955
996 4985.0 133955
1000 5005.0 133955
1004 5025.0 133955
1008 5045.0 133955
1012 5065.0 133955
1016 5085.0 133955
1020 5105.0 133955
1024 5125.0 133955
1028 5145.0 133562
1032 5165.0 133560
1036 5185.0 133560
1040 5205.0 133560
1044 5225.0 133560
1048 5245.0 133181
1052 5265.0 133181
1056 5285.0 133181
1060 5305.0 133102
1064 5325.0 132769
1068 5345.0 132759
1072 5365.0 132759
1076 5385.0 132759
1080 5405.0 132759
1084 5425.0 132759
1088 5445.0 132759
1092 5465.0 132654
1096 5485.0 132654
1100 5505.0 132654
1104 5525.0 132375
1108 5545.0 132127
1112 5565.0 132127
1116 5585.0 132028
1120 5605.0 131918
1124 5625.0 131918
1128 5645.0 131918
1132 5665.0 131918
1136 5685.0 131918
1140 5705.0 131918
1144 5725.0 131918
1148 5745.0 131723
1152 5765.0 131395
1156 5785.0 131081
1160 5805.0 131081
1164 5825.0 131081
1168 5845.0 131043
1172 5865.0 130814
1176 5885.0 130622
1180 5905.0 130622
1184 5925.0 130622
1188 5945.0 130461
1192 5965.0 130252
1196 5985.0 130197
1200 6005.0 130117
1204 6025.0 130099
1208 6045.0 130099
1212 6065.0 130099
1216 6085.0 129907
1220 6105.0 129309
1224 6125.0 129309
1228 6145.0 129100
1232 6165.0 129100
1236 6185.0 129019
1240 6205.0 128731
1244 6225.0 128731
1248 6245.0 128731
1252 6265.0 128731
1256 6285.0 128731
1260 6305.0 128537
1264 6325.0 128280
1268 6345.0 127754
1272 6365.0 127679
1276 6385.0 127534
1280 6405.0 127534
1284 6425.0 127534
1288 6445.0 127534
1292 6465.0 127534
1296 6485.0 127534
1300 6505.0 127534
1304 6525.0 127408
1308 6545.0 127280
1312 6565.0 127142
1316 6585.0 127125
1320 6605.0 127014
1324 6625.0 127014
1328 6645.0 126974
1332 6665.0 126974
1336 6685.0 126974
1340 6705.0 126974
1344 6725.0 126974
1348 6745.0 126974
1352 6765.0 126756
1356 6785.0 126739
1360 6805.0 126739
1364 6825.0 126475
1368 6845.0 126475
1372 6865.0 126475
1376 6885.0 126475
1380 6905.0 126475
1384 6925.0 126475
1388 6945.0 126475
1392 6965.0 126475
1396 6985.0 126388
1400 7005.0 125992
1404 7025.0 125944
1408 7045.0 125944
1412 7065.0 125944
1416 7085.0 125944
1420 7105.0 125944
1424 7125.0 125944
1428 7145.0 125944
1432 7165.0 125944
1436 7185.0 125944
1440 7205.0 125891
1444 7225.0 125786
1448 7245.0 125592
1452 7265.0 125372
1456 7285.0 125372
1460 7305.0 125346
1464 7325.0 125346
1468 7345.0 125346
1472 7365.0 125346
1476 7385.0 125346
1480 7405.0 125346
1484 7425.0 125346
1488 7445.0 125346
1492 7465.0 125346
1496 7485.0 124673
1500 7505.0 124638
1504 7525.0 124638
1508 7545.0 124638
1512 7565.0 124638
1516 7585.0 124638
1520 7605.0 124638
1524 7625.0 124638
1528 7645.0 124638
1532 7665.0 124488
1536 7685.0 124295
1540 7705.0 124295
1544 7725.0 124295
1548 7745.0 124295
1552 7765.0 124269
1556 7785.0 124269
1560 7805.0 124269
1564 7825.0 124269
1568 7845.0 124269
1572 7865.0 124232
1576 7885.0 124146
1580 7905.0 124146
1584 7925.0 124146
1588 7945.0 124146
1592 7965.0 124146
1596 7985.0 124022
1600 8005.0 124022
1604 8025.0 124022
1608 8045.0 124022
1612 8065.0 124022
1616 8085.0 124022
1620 8105.0 124022
1624 8125.0 124022
1628 8145.0 124022
1632 8165.0 123877
1636 8185.0 123877
1640 8205.0 123871
1644 8225.0 123871
1648 8245.0 123871
1652 8265.0 123871
1656 8285.0 123704
1660 8305.0 123694
1664 8325.0 123694
1668 8345.0 123694
1672 8365.0 123694
1676 8385.0 123694
1680 8405.0 123694
1684 8425.0 123658
1688 8445.0 123600
1692 8465.0 123600
1696 8485.0 123493
1700 8505.0 123493
1704 8525.0 123493
1708 8545.0 123493
1712 8565.0 123423
1716 8585.0 123423
1720 8605.0 123423
1724 8625.0 123423
1728 8645.0 123423
1732 8665.0 123336
1736 8685.0 123336
1740 8705.0 123336
1744 8725.0 123336
1748 8745.0 123191
1752 8765.0 123191
1756 8785.0 123191
1760 8805.0 123191
1764 8825.0 123191
1768 8845.0 123160
1772 8865.0 123149
1776 8885.0 123149
1780 8905.0 123149
1784 8925.0 123149
1788 8945.0 123149
1792 8965.0 123059
1796 8985.0 123059
1800 9005.0 123059
1804 9025.0 123047
1808 9045.0 122976
1812 9065.0 122976
1816 9085.0 122976
1820 9105.0 122976
1824 9125.0 122976
1828 9145.0 122575
1832 9165.0 122502
1836 9185.0 122502
1840 9205.0 122502
1844 9225.0 122502
1848 9245.0 122502
1852 9265.0 122502
1856 9285.0 122502
1860 9305.0 122502
1864 9325.0 121953
1868 9345.0 121060
1872 9365.0 121060
1876 9385.0 121060
1880 9405.0 121060
1884 9425.0 121060
1888 9445.0 121060
1892 9465.0 121060
1896 9485.0 121060
1900 9505.0 121060
1904 9525.0 120967
1908 9545.0 120865
1912 9565.0 120710
1916 9585.0 120710
1920 9605.0 120710
1924 9625.0 120710
1928 9645.0 120710
1932 9665.0 120710
1936 9685.0 120710
1940 9705.0 120710
1944 9725.0 120438
1948 9745.0 120141
1952 9765.0 120141
1956 9785.0 120141
1960 9805.0 120141
1964 9825.0 120141
1968 9845.0 120141
1972 9865.0 119832
1976 9885.0 119832
1980 9905.0 119832
1984 9925.0 119832
1988 9945.0 119832
1992 9965.0 119832
1996 9985.0 119832
2000 10005.0 119221
2004 10025.0 119221
2008 10045.0 119221
2012 10065.0 119221
2016 10085.0 119221
2020 10105.0 119213
2024 10125.0 119207
2028 10145.0 119207
2032 10165.0 119068
2036 10185.0 119045
2040 10205.0 119045
2044 10225.0 118874
2048 10245.0 118874
2052 10265.0 118874
2056 10285.0 118714
2060 10305.0 118375
2064 10325.0 118375
2068 10345.0 118375
2072 10365.0 118375
2076 10385.0 118375
2080 10405.0 118375
2084 10425.0 118375
2088 10445.0 118375
2092 10465.0 118375
2096 10485.0 118375
2100 10505.0 118375
2104 10525.0 118375
2108 10545.0 118375
2112 10565.0 117806
2116 10585.0 116985
2120 10605.0 116713
2124 10625.0 116617
2128 10645.0 116617
2132 10665.0 116617
2136 10685.0 116617
2140 10705.0 116568
2144 10725.0 116542
2148 10745.0 116542
2152 10765.0 116542
2156 10785.0 116532
2160 10805.0 116483
2164 10825.0 116483
2168 10845.0 116426
2172 10865.0 116426
2176 10885.0 116426
2180 10905.0 116426
2184 10925.0 116315
2188 10945.0 116315
2192 10965.0 116315
2196 10985.0 116165
2200 11005.0 116114
2204 11025.0 116114
2208 11045.0 116114
2212 11065.0 116114
2216 11085.0 116114
2220 11105.0 116114
2224 11125.0 116114
2228 11145.0 116093
2232 11165.0 116067
2236 11185.0 116067
2240 11205.0 116067
2244 11225.0 116067
2248 11245.0 116067
2252 11265.0 116067
2256 11285.0 116067
2260 11305.0 116067
2264 11325.0 116067
2268 11345.0 116067
2272 11365.0 116067
2276 11385.0 115893
2280 11405.0 115893
2284 11425.0 115893
2288 11445.0 115893
2292 11465.0 115893
2296 11485.0 115893
2300 11505.0 115893
2304 11525.0 115893
2308 11545.0 115893
2312 11565.0 115893
2316 11585.0 115893
2320 11605.0 115893
2324 11625.0 115893
2328 11645.0 115893
2332 11665.0 115893
2336 11685.0 115734
2340 11705.0 115734
2344 11725.0 115734
2348 11745.0 115734
2352 11765.0 115734
2356 11785.0 115702
2360 11805.0 115512
2364 11825.0 115086
2368 11845.0 115036
2372 11865.0 115036
2376 11885.0 115036
2380 11905.0 114872
2384 11925.0 114344
2388 11945.0 114344
2392 11965.0 114344
2396 11985.0 114344
2400 12005.0 113837
2404 12025.0 113617
2408 12045.0 113577
2412 12065.0 113577
2416 12085.0 113215
2420 12105.0 113082
2424 12125.0 113082
2428 12145.0 113013
2432 12165.0 112804
2436 12185.0 112804
2440 12205.0 112788
2444 12225.0 112640
2448 12245.0 112640
2452 12265.0 112510
2456 12285.0 112510
2460 12305.0 112399
2464 12325.0 112399
2468 12345.0 112399
2472 12365.0 112137
2476 12385.0 112012
2480 12405.0 112012
2484 12425.0 112012
2488 12445.0 112012
2492 12465.0 111629
2496 12485.0 111629
2500 12505.0 111629
2504 12525.0 111629
2508 12545.0 111629
2512 12565.0 111629
2516 12585.0 111199
2520 12605.0 111199
2524 12625.0 111199
2528 12645.0 111199
2532 12665.0 111177
2536 12685.0 111088
2540 12705.0 110955
2544 12725.0 110955
2548 12745.0 110955
2552 12765.0 110955
2556 12785.0 110868
2560 12805.0 110800
2564 12825.0 110771
2568 12845.0 110771
2572 12865.0 110589
2576 12885.0 110589
2580 12905.0 110589
2584 12925.0 110358
2588 12945.0 110235
2592 12965.0 110200
2596 12985.0 110173
2600 13005.0 109975
2604 13025.0 109955
2608 13045.0 109757
2612 13065.0 109757
2616 13085.0 109697
2620 13105.0 109677
2624 13125.0 109677
2628 13145.0 109677
2632 13165.0 109677
2636 13185.0 109677
2640 13205.0 109677
2644 13225.0 109677
2648 13245.0 109677
2652 13265.0 109428
2656 13285.0 109428
2660 13305.0 109428
2664 13325.0 109180
2668 13345.0 108861
2672 13365.0 108741
2676 13385.0 108741
2680 13405.0 108741
2684 13425.0 108592
2688 13445.0 108482
2692 13465.0 108482
2696 13485.0 108124
2700 13505.0 108124
2704 13525.0 108124
2708 13545.0 108124
2712 13565.0 108124
2716 13585.0 108124
2720 13605.0 108124
2724 13625.0 108124
2728 13645.0 108124
2732 13665.0 108124
2736 13685.0 108124
2740 13705.0 108124
2744 13725.0 108124
2748 13745.0 108124
2752 13765.0 108039
2756 13785.0 108033
2760 13805.0 108033
2764 13825.0 107967
2768 13845.0 107967
2772 13865.0 107738
2776 13885.0 107587
2780 13905.0 107587
2784 13925.0 107587
2788 13945.0 107587
2792 13965.0 107587
2796 13985.0 107587
2800 14005.0 107587
2804 14025.0 107587
2808 14045.0 107587
2812 14065.0 107408
2816 14085.0 107408
2820 14105.0 107408
2824 14125.0 107408
2828 14145.0 107408
2832 14165.0 107408
2836 14185.0 107408
2840 14205.0 107408
2844 14225.0 107408
2848 14245.0 107408
2852 14265.0 107408
2856 14285.0 106592
2860 14305.0 106464
2864 14325.0 106464
2868 14345.0 106459
2872 14365.0 106064
2876 14385.0 106064
2880 14405.0 106064
2884 14425.0 105955
2888 14445.0 105887
2892 14465.0 105887
2896 14485.0 105887
2900 14505.0 105887
2904 14525.0 105887
2908 14545.0 105887
2912 14565.0 105887
2916 14585.0 105887
2920 14605.0 105887
2924 14625.0 105887
2928 14645.0 105887
2932 14665.0 105887
2936 14685.0 105887
2940 14705.0 105887
2944 14725.0 105887
2948 14745.0 105887
2952 14765.0 105887
2956 14785.0 105887
2960 14805.0 105887
2964 14825.0 105887
2968 14845.0 105887
2972 14865.0 105887
2976 14885.0 105887
2980 14905.0 105887
2984 14925.0 105887
2988 14945.0 105887
2992 14965.0 105887
2996 14985.0 105887
3000 15005.0 105887
3004 15025.0 105887
3008 15045.0 105887
3012 15065.0 105887
3016 15085.0 105887
3020 15105.0 105887
3024 15125.0 105887
3028 15145.0 105887
3032 15165.0 105887
3036 15185.0 105887
3040 15205.0 105887
3044 15225.0 105887
3048 15245.0 105887
3052 15265.0 105887
3056 15285.0 105887
3060 15305.0 105887
3064 15325.0 105887
3068 15345.0 105887
3072 15365.0 105887
3076 15385.0 105887
3080 15405.0 105887
3084 15425.0 105887
3088 15445.0 105887
3092 15465.0 105887
3096 15485.0 105887
3100 15505.0 105887
3104 15525.0 105887
3108 15545.0 105887
3112 15565.0 105887
3116 15585.0 105887
3120 15605.0 105887
3124 15625.0 105887
3128 15645.0 105887
3132 15665.0 105887
3136 15685.0 105806
3140 15705.0 105777
3144 15725.0 105777
3148 15745.0 105777
3152 15765.0 105777
3156 15785.0 105777
3160 15805.0 105777
3164 15825.0 105777
3168 15845.0 105696
3172 15865.0 105696
3176 15885.0 105696
3180 15905.0 105696
3184 15925.0 105696
3188 15945.0 105696
3192 15965.0 105696
3196 15985.0 105696
3200 16005.0 105696
3204 16025.0 105696
3208 16045.0 105696
3212 16065.0 105696
3216 16085.0 105696
3220 16105.0 105696
3224 16125.0 105696
3228 16145.0 105696
3232 16165.0 105696
3236 16185.0 105696
3240 16205.0 105696
3244 16225.0 105696
3248 16245.0 105696
3252 16265.0 105696
3256 16285.0 105696
3260 16305.0 105696
3264 16325.0 105578
3268 16345.0 105578
3272 16365.0 105578
3276 16385.0 105578
3280 16405.0 105578
3284 16425.0 105578
3288 16445.0 105403
3292 16465.0 105259
3296 16485.0 105259
3300 16505.0 105259
3304 16525.0 105214
3308 16545.0 105214
3312 16565.0 105214
3316 16585.0 105214
3320 16605.0 104747
3324 16625.0 104643
3328 16645.0 104635
3332 16665.0 104615
3336 16685.0 104615
3340 16705.0 104615
3344 16725.0 104615
3348 16745.0 104615
3352 16765.0 104615
3356 16785.0 104564
3360 16805.0 104411
3364 16825.0 104411
3368 16845.0 104382
3372 16865.0 104322
3376 16885.0 104322
3380 16905.0 104322
3384 16925.0 104322
3388 16945.0 104322
3392 16965.0 104110
3396 16985.0 104087
3400 17005.0 104087
3404 17025.0 104087
3408 17045.0 104087
3412 17065.0 104087
3416 17085.0 104087
3420 17105.0 104087
3424 17125.0 104087
3428 17145.0 104009
3432 17165.0 103942
3436 17185.0 103888
3440 17205.0 103888
3444 17225.0 103888
3448 17245.0 103888
3452 17265.0 103888
3456 17285.0 103888
3460 17305.0 103888
3464 17325.0 103707
3468 17345.0 103707
3472 17365.0 103707
3476 17385.0 103707
3480 17405.0 103707
3484 17425.0 103707
3488 17445.0 103707
3492 17465.0 103368
3496 17485.0 103368
3500 17505.0 103368
3504 17525.0 103368
3508 17545.0 103342
3512 17565.0 103096
3516 17585.0 103096
3520 17605.0 103096
3524 17625.0 103096
3528 17645.0 103096
3532 17665.0 103096
3536 17685.0 103096
3540 17705.0 103096
3544 17725.0 103096
3548 17745.0 102726
3552 17765.0 102475
3556 17785.0 102278
3560 17805.0 102246
3564 17825.0 102246
3568 17845.0 102246
3572 17865.0 102246
3576 17885.0 102246
3580 17905.0 102246
3584 17925.0 102246
3588 17945.0 102154
3592 17965.0 102106
3596 17985.0 102106
3600 18005.0 102106
3604 18025.0 102106
3608 18045.0 102106
3612 18065.0 102106
3616 18085.0 102106
3620 18105.0 102106
3624 18125.0 102106
3628 18145.0 102058
3632 18165.0 102002
3636 18185.0 102002
3640 18205.0 102002
3644 18225.0 102002
3648 18245.0 102002
3652 18265.0 102002
3656 18285.0 102001
3660 18305.0 101943
3664 18325.0 101880
3668 18345.0 101880
3672 18365.0 101880
3676 18385.0 101880
3680 18405.0 101880
3684 18425.0 101880
3688 18445.0 101880
3692 18465.0 101880
3696 18485.0 101816
3700 18505.0 101779
3704 18525.0 101779
3708 18545.0 101779
3712 18565.0 101779
3716 18585.0 101779
3720 18605.0 101779
3724 18625.0 101779
3728 18645.0 101779
3732 18665.0 101779
3736 18685.0 101779
3740 18705.0 101777
3744 18725.0 101777
3748 18745.0 101777
3752 18765.0 101777
3756 18785.0 101777
3760 18805.0 101777
3764 18825.0 101777
3768 18845.0 101777
3772 18865.0 101777
3776 18885.0 101777
3780 18905.0 101777
3784 18925.0 101777
3788 18945.0 101777
3792 18965.0 101777
3796 18985.0 101777
3800 19005.0 101777
3804 19025.0 101777
3808 19045.0 101777
3812 19065.0 101777
3816 19085.0 101777
3820 19105.0 101777
3824 19125.0 101777
3828 19145.0 101777
3832 19165.0 101777
3836 19185.0 101777
3840 19205.0 101777
3844 19225.0 101777
3848 19245.0 101777
3852 19265.0 101777
3856 19285.0 101777
3860 19305.0 101777
3864 19325.0 101777
3868 19345.0 101777
3872 19365.0 101777
3876 19385.0 101777
3880 19405.0 101777
3884 19425.0 101777
3888 19445.0 101777
3892 19465.0 101777
3896 19485.0 101777
3900 19505.0 101777
3904 19525.0 101777
3908 19545.0 101777
3912 19565.0 101777
3916 19585.0 101777
3920 19605.0 101777
3924 19625.0 101777
3928 19645.0 101777
3932 19665.0 101777
3936 19685.0 101777
3940 19705.0 101777
3944 19725.0 101777
3948 19745.0 101777
3952 19765.0 101777
3956 19785.0 101777
3960 19805.0 101777
3964 19825.0 101777
3968 19845.0 101777
3972 19865.0 101777
3976 19885.0 101777
3980 19905.0 101777
3984 19925.0 101777
3988 19945.0 101773
3992 19965.0 101773
3996 19985.0 101773
4000 20005.0 101773
4004 20025.0 101773
4008 20045.0 101691
4012 20065.0 101691
4016 20085.0 101691
4020 20105.0 101691
4024 20125.0 101691
4028 20145.0 101691
4032 20165.0 101655
4036 20185.0 101655
4040 20205.0 101655
4044 20225.0 101655
4048 20245.0 101655
4052 20265.0 101651
4056 20285.0 101651
4060 20305.0 101651
4064 20325.0 101636
4068 20345.0 101636
4072 20365.0 101636
4076 20385.0 101636
4080 20405.0 101636
4084 20425.0 101567
4088 20445.0 101529
4092 20465.0 101413
4096 20485.0 101413
4100 20505.0 101413
4104 20525.0 101413
4108 20545.0 101413
4112 20565.0 101413
4116 20585.0 101413
4120 20605.0 101299
4124 20625.0 101147
4128 20645.0 101147
4132 20665.0 101142
4136 20685.0 101142
4140 20705.0 101142
4144 20725.0 101142
4148 20745.0 100988
4152 20765.0 100988
4156 20785.0 100979
4160 20805.0 100979
4164 20825.0 100979
4168 20845.0 100929
4172 20865.0 100915
4176 20885.0 100915
4180 20905.0 100915
4184 20925.0 100908
4188 20945.0 100905
4192 20965.0 100903
4196 20985.0 100903
4200 21005.0 100903
4204 21025.0 100903
4208 21045.0 100868
4212 21065.0 100868
4216 21085.0 100868
4220 21105.0 100868
4224 21125.0 100868
4228 21145.0 100868
4232 21165.0 100868
4236 21185.0 100856
4240 21205.0 100853
4244 21225.0 100853
4248 21245.0 100853
4252 21265.0 100853
4256 21285.0 100853
4260 21305.0 100853
4264 21325.0 100664
4268 21345.0 100664
4272 21365.0 100664
4276 21385.0 100664
4280 21405.0 100664
4284 21425.0 100664
4288 21445.0 100324
4292 21465.0 100264
4296 21485.0 100264
4300 21505.0 100264
4304 21525.0 100264
4308 21545.0 100264
4312 21565.0 100264
4316 21585.0 100264
4320 21605.0 100264
4324 21625.0 100264
4328 21645.0 100180
4332 21665.0 100180
4336 21685.0 100180
4340 21705.0 100180
4344 21725.0 100180
4348 21745.0 100180
4352 21765.0 100120
4356 21785.0 100120
4360 21805.0 100120
4364 21825.0 100120
4368 21845.0 100113
4372 21865.0 100113
4376 21885.0 100113
4380 21905.0 100113
4384 21925.0 100113
4388 21945.0 100113
4392 21965.0 100113
4396 21985.0 100113
4400 22005.0 100113
4404 22025.0 100113
4408 22045.0 100113
4412 22065.0 100113
4416 22085.0 100113
4420 22105.0 100113
4424 22125.0 100113
4428 22145.0 100113
4432 22165.0 100113
4436 22185.0 100113
4440 22205.0 100113
4444 22225.0 100113
4448 22245.0 100113
4452 22265.0 100113
4456 22285.0 100113
4460 22305.0 100113
4464 22325.0 100113
4468 22345.0 100113
4472 22365.0 100113
4476 22385.0 100113
4480 22405.0 100113
4484 22425.0 100113
4488 22445.0 100113
4492 22465.0 100113
4496 22485.0 100113
4500 22505.0 100113
4504 22525.0 100113
4508 22545.0 100113
4512 22565.0 100113
4516 22585.0 100113
4520 22605.0 99925
4524 22625.0 99924
4528 22645.0 99924
4532 22665.0 99924
4536 22685.0 99924
4540 22705.0 99924
4544 22725.0 99924
4548 22745.0 99915
4552 22765.0 99879
4556 22785.0 99865
4560 22805.0 99856
4564 22825.0 99786
4568 22845.0 99702
4572 22865.0 99702
4576 22885.0 99702
4580 22905.0 99702
4584 22925.0 99702
4588 22945.0 99702
4592 22965.0 99702
4596 22985.0 99647
4600 23005.0 99647
4604 23025.0 99595
4608 23045.0 99595
4612 23065.0 99595
4616 23085.0 99595
4620 23105.0 99595
4624 23125.0 99563
4628 23145.0 99531
4632 23165.0 99531
4636 23185.0 99531
4640 23205.0 99509
4644 23225.0 99509
4648 23245.0 99509
4652 23265.0 99509
4656 23285.0 99509
4660 23305.0 99509
4664 23325.0 99509
4668 23345.0 99509
4672 23365.0 99509
4676 23385.0 99509
4680 23405.0 99509
4684 23425.0 99509
4688 23445.0 99509
4692 23465.0 99509
4696 23485.0 99509
4700 23505.0 99509
4704 23525.0 99509
4708 23545.0 99509
4712 23565.0 99509
4716 23585.0 99509
4720 23605.0 99509
4724 23625.0 99509
4728 23645.0 99509
4732 23665.0 99509
4736 23685.0 99509
4740 23705.0 99509
4744 23725.0 99509
4748 23745.0 99044
4752 23765.0 98960
4756 23785.0 98960
4760 23805.0 98923
4764 23825.0 98921
4768 23845.0 98921
4772 23865.0 98921
4776 23885.0 98921
4780 23905.0 98921
4784 23925.0 98921
4788 23945.0 98921
4792 23965.0 98921
4796 23985.0 98921
4800 24005.0 98743
4804 24025.0 98740
4808 24045.0 98740
4812 24065.0 98740
4816 24085.0 98740
4820 24105.0 98740
4824 24125.0 98740
4828 24145.0 98740
4832 24165.0 98740
4836 24185.0 98740
4840 24205.0 98740
4844 24225.0 98740
4848 24245.0 98740
4852 24265.0 98740
4856 24285.0 98740
4860 24305.0 98740
4864 24325.0 98740
4868 24345.0 98740
4872 24365.0 98225
4876 24385.0 98225
4880 24405.0 98225
4884 24425.0 98225
4888 24445.0 98225
4892 24465.0 98225
4896 24485.0 98225
4900 24505.0 98225
4904 24525.0 98225
4908 24545.0 98225
4912 24565.0 98209
4916 24585.0 98209
4920 24605.0 98209
4924 24625.0 98209
4928 24645.0 98209
4932 24665.0 98209
4936 24685.0 98209
4940 24705.0 98209
4944 24725.0 98209
4948 24745.0 98209
4952 24765.0 98209
4956 24785.0 98209
4960 24805.0 98209
4964 24825.0 98209
4968 24845.0 98209
4972 24865.0 98209
4976 24885.0 98209
4980 24905.0 98209
4984 24925.0 98209
4988 24945.0 98209
4992 24965.0 98209
4996 24985.0 98209
5000 25005.0 98209
5004 25025.0 98209
5008 25045.0 98209
5012 25065.0 98209
5016 25085.0 98209
5020 25105.0 98209
5024 25125.0 98209
5028 25145.0 98209
5032 25165.0 98209
5036 25185.0 98209
5040 25205.0 98209
5044 25225.0 98209
5048 25245.0 98209
5052 25265.0 98209
5056 25285.0 98209
5060 25305.0 98209
5064 25325.0 98209
5068 25345.0 98209
5072 25365.0 98209
5076 25385.0 98209
5080 25405.0 98209
5084 25425.0 98209
5088 25445.0 98209
5092 25465.0 98209
5096 25485.0 98209
5100 25505.0 98209
5104 25525.0 98209
5108 25545.0 98209
5112 25565.0 98209
5116 25585.0 98134
5120 25605.0 98134
5124 25625.0 98134
5128 25645.0 96655
5132 25665.0 96596
5136 25685.0 96596
5140 25705.0 96596
5144 25725.0 96596
5148 25745.0 96596
5152 25765.0 96521
5156 25785.0 96495
5160 25805.0 96495
5164 25825.0 96495
5168 25845.0 96495
5172 25865.0 96495
5176 25885.0 96495
5180 25905.0 96197
5184 25925.0 96197
5188 25945.0 96138
5192 25965.0 96138
5196 25985.0 96138
5200 26005.0 96138
5204 26025.0 96007
5208 26045.0 96007
5212 26065.0 96007
5216 26085.0 96007
5220 26105.0 96007
5224 26125.0 96007
5228 26145.0 96007
5232 26165.0 96007
5236 26185.0 96007
5240 26205.0 96007
5244 26225.0 96007
5248 26245.0 96007
5252 26265.0 96007
5256 26285.0 96007
5260 26305.0 96007
5264 26325.0 96007
5268 26345.0 96007
5272 26365.0 96007
5276 26385.0 96007
5280 26405.0 96007
5284 26425.0 96007
5288 26445.0 96007
5292 26465.0 96007
5296 26485.0 96007
5300 26505.0 96007
5304 26525.0 96007
5308 26545.0 96007
5312 26565.0 96007
5316 26585.0 96007
5320 26605.0 96007
5324 26625.0 96007
5328 26645.0 96007
5332 26665.0 96007
5336 26685.0 96007
5340 26705.0 96007
5344 26725.0 96007
5348 26745.0 96007
5352 26765.0 96007
5356 26785.0 96007
5360 26805.0 96007
5364 26825.0 96007
5368 26845.0 96007
5372 26865.0 96007
5376 26885.0 96007
5380 26905.0 96007
5384 26925.0 96007
5388 26945.0 96007
5392 26965.0 96007
5396 26985.0 96007
5400 27005.0 96007
5404 27025.0 96007
5408 27045.0 96007
5412 27065.0 96007
5416 27085.0 96007
5420 27105.0 96007
5424 27125.0 96007
5428 27145.0 96007
5432 27165.0 96007
5436 27185.0 96007
5440 27205.0 96007
5444 27225.0 96007
5448 27245.0 96007
5452 27265.0 96007
5456 27285.0 96007
5460 27305.0 96007
5464 27325.0 96007
5468 27345.0 95967
5472 27365.0 95967
5476 27385.0 95967
5480 27405.0 95967
5484 27425.0 95967
5488 27445.0 95967
5492 27465.0 95967
5496 27485.0 95967
5500 27505.0 95967
5504 27525.0 95967
5508 27545.0 95967
5512 27565.0 95967
5516 27585.0 95967
5520 27605.0 95967
5524 27625.0 95967
5528 27645.0 95967
5532 27665.0 95901
5536 27685.0 95901
5540 27705.0 95901
5544 27725.0 95812
5548 27745.0 95809
5552 27765.0 95793
5556 27785.0 95793
5560 27805.0 95793
5564 27825.0 95793
5568 27845.0 95793
5572 27865.0 95793
5576 27885.0 95793
5580 27905.0 95793
5584 27925.0 95793
5588 27945.0 95793
5592 27965.0 95793
5596 27985.0 95793
5600 28005.0 95793
5604 28025.0 95793
5608 28045.0 95793
5612 28065.0 95793
5616 28085.0 95793
5620 28105.0 95793
5624 28125.0 95793
5628 28145.0 95752
5632 28165.0 95742
5636 28185.0 95652
5640 28205.0 95652
5644 28225.0 95648
5648 28245.0 95620
5652 28265.0 95620
5656 28285.0 95620
5660 28305.0 95620
5664 28325.0 95620
5668 28345.0 95620
5672 28365.0 95620
5676 28385.0 95620
5680 28405.0 95620
5684 28425.0 95620
5688 28445.0 95620
5692 28465.0 95620
5696 28485.0 95610
5700 28505.0 95610
5704 28525.0 95610
5708 28545.0 95555
5712 28565.0 95555
5716 28585.0 95555
5720 28605.0 95555
5724 28625.0 95555
5728 28645.0 95555
5732 28665.0 95555
5736 28685.0 95555
5740 28705.0 95555
5744 28725.0 95555
5748 28745.0 95555
5752 28765.0 95555
5756 28785.0 95555
5760 28805.0 95555
5764 28825.0 95555
5768 28845.0 95555
5772 28865.0 95555
5776 28885.0 95555
5780 28905.0 95555
5784 28925.0 95555
5788 28945.0 95555
5792 28965.0 95555
5796 28985.0 95555
5800 29005.0 95555
5804 29025.0 95555
5808 29045.0 95555
5812 29065.0 95555
5816 29085.0 95555
5820 29105.0 95555
5824 29125.0 95555
5828 29145.0 95555
5832 29165.0 95555
5836 29185.0 95555
5840 29205.0 95555
5844 29225.0 95555
5848 29245.0 95555
5852 29265.0 95555
5856 29285.0 95555
5860 29305.0 95555
5864 29325.0 95555
5868 29345.0 95555
5872 29365.0 95555
5876 29385.0 95555
5880 29405.0 95555
5884 29425.0 95555
5888 29445.0 95555
5892 29465.0 95555
5896 29485.0 95555
5900 29505.0 95555
5904 29525.0 95555
5908 29545.0 95555
5912 29565.0 95555
5916 29585.0 95555
5920 29605.0 95555
5924 29625.0 95555
5928 29645.0 95555
5932 29665.0 95555
5936 29685.0 95555
5940 29705.0 95555
5944 29725.0 95555
5948 29745.0 95555
5952 29765.0 95495
5956 29785.0 95495
5960 29805.0 95495
5964 29825.0 95495
5968 29845.0 95493
5972 29865.0 95493
5976 29885.0 95493
5980 29905.0 95493
5984 29925.0 95493
5988 29945.0 95493
5992 29965.0 95493
5996 29985.0 95493
6000 30005.0 95493
6004 30025.0 95493
6008 30045.0 95493
6012 30065.0 95493
6016 30085.0 95493
6020 30105.0 95493
6024 30125.0 95493
6028 30145.0 95493
6032 30165.0 95493
6036 30185.0 95475
6040 30205.0 95475
6044 30225.0 95475
6048 30245.0 95393
6052 30265.0 95179
6056 30285.0 95179
6060 30305.0 94906
6064 30325.0 94898
6068 30345.0 94640
6072 30365.0 94523
6076 30385.0 94445
6080 30405.0 94404
6084 30425.0 94400
6088 30445.0 94324
6092 30465.0 94122
6096 30485.0 94072
6100 30505.0 93994
6104 30525.0 93994
6108 30545.0 93994
6112 30565.0 93994
6116 30585.0 93994
6120 30605.0 93994
6124 30625.0 93994
6128 30645.0 93994
6132 30665.0 93994
6136 30685.0 93994
6140 30705.0 93994
6144 30725.0 93762
6148 30745.0 93667
6152 30765.0 93476
6156 30785.0 93318
6160 30805.0 93300
6164 30825.0 92998
6168 30845.0 92998
6172 30865.0 92998
6176 30885.0 92944
6180 30905.0 92944
6184 30925.0 92944
6188 30945.0 92921
6192 30965.0 92882
6196 30985.0 92882
6200 31005.0 92882
6204 31025.0 92882
6208 31045.0 92882
6212 31065.0 92882
6216 31085.0 92882
6220 31105.0 92882
6224 31125.0 92882
6228 31145.0 92285
6232 31165.0 91942
6236 31185.0 91904
6240 31205.0 91904
6244 31225.0 91870
6248 31245.0 91870
6252 31265.0 91870
6256 31285.0 91870
6260 31305.0 91870
6264 31325.0 91870
6268 31345.0 91870
6272 31365.0 91870
6276 31385.0 91798
6280 31405.0 91798
6284 31425.0 91720
6288 31445.0 91703
6292 31465.0 91703
6296 31485.0 91632
6300 31505.0 91632
6304 31525.0 91632
6308 31545.0 91631
6312 31565.0 91537
6316 31585.0 91537
6320 31605.0 88955
6324 31625.0 88741
6328 31645.0 88741
6332 31665.0 88741
6336 31685.0 88741
6340 31705.0 88741
6344 31725.0 88741
6348 31745.0 88741
6352 31765.0 88741
6356 31785.0 88741
6360 31805.0 88741
6364 31825.0 88741
6368 31845.0 88741
6372 31865.0 88741
6376 31885.0 88741
6380 31905.0 88741
6384 31925.0 88741
6388 31945.0 88741
6392 31965.0 88741
6396 31985.0 88741
6400 32005.0 88741
6404 32025.0 88741
6408 32045.0 88741
6412 32065.0 88741
6416 32085.0 88741
6420 32105.0 88741
6424 32125.0 88741
6428 32145.0 88741
6432 32165.0 88741
6436 32185.0 88741
6440 32205.0 88741
6444 32225.0 88741
6448 32245.0 88741
6452 32265.0 88741
6456 32285.0 88741
6460 32305.0 88741
6464 32325.0 88741
6468 32345.0 88741
6472 32365.0 88741
6476 32385.0 88741
6480 32405.0 88741
6484 32425.0 88741
6488 32445.0 88741
6492 32465.0 88741
6496 32485.0 88741
6500 32505.0 88741
6504 32525.0 88741
6508 32545.0 88711
6512 32565.0 88711
6516 32585.0 88711
6520 32605.0 88711
6524 32625.0 88461
6528 32645.0 88461
6532 32665.0 88461
6536 32685.0 88461
6540 32705.0 88461
6544 32725.0 88461
6548 32745.0 88461
6552 32765.0 88461
6556 32785.0 88461
6560 32805.0 88461
6564 32825.0 88461
6568 32845.0 88461
6572 32865.0 88461
6576 32885.0 88461
6580 32905.0 88461
6584 32925.0 88461
6588 32945.0 88461
6592 32965.0 88461
6596 32985.0 88461
6600 33005.0 88461
6604 33025.0 88461
6608 33045.0 88461
6612 33065.0 88461
6616 33085.0 88461
6620 33105.0 88461
6624 33125.0 88461
6628 33145.0 88461
6632 33165.0 88461
6636 33185.0 88461
6640 33205.0 88461
6644 33225.0 88461
6648 33245.0 88461
6652 33265.0 88461
6656 33285.0 88232
6660 33305.0 88232
6664 33325.0 88232
6668 33345.0 88232
6672 33365.0 88232
6676 33385.0 88232
6680 33405.0 88232
6684 33425.0 88232
6688 33445.0 88232
6692 33465.0 88232
6696 33485.0 88232
6700 33505.0 88232
6704 33525.0 88232
6708 33545.0 88232
6712 33565.0 88232
6716 33585.0 88232
6720 33605.0 88232
6724 33625.0 88232
6728 33645.0 88211
6732 33665.0 88211
6736 33685.0 88211
6740 33705.0 88211
6744 33725.0 88211
6748 33745.0 88211
6752 33765.0 88211
6756 33785.0 88211
6760 33805.0 88211
6764 33825.0 88211
6768 33845.0 88211
6772 33865.0 88211
6776 33885.0 88211
6780 33905.0 88211
6784 33925.0 88211
6788 33945.0 88201
6792 33965.0 88201
6796 33985.0 88201
6800 34005.0 88201
6804 34025.0 88201
6808 34045.0 86714
6812 34065.0 86714
6816 34085.0 86714
6820 34105.0 86714
6824 34125.0 86714
6828 34145.0 86714
6832 34165.0 86574
6836 34185.0 86354
6840 34205.0 86354
6844 34225.0 86354
6848 34245.0 86354
6852 34265.0 86354
6856 34285.0 86354
6860 34305.0 86218
6864 34325.0 86170
6868 34345.0 85938
6872 34365.0 85938
6876 34385.0 85938
6880 34405.0 85938
6884 34425.0 85938
6888 34445.0 85938
6892 34465.0 85938
6896 34485.0 85938
6900 34505.0 85874
6904 34525.0 85874
6908 34545.0 85874
6912 34565.0 85794
6916 34585.0 85698
6920 34605.0 85698
6924 34625.0 85698
6928 34645.0 85698
6932 34665.0 85660
6936 34685.0 85603
6940 34705.0 85603
6944 34725.0 85603
6948 34745.0 85558
6952 34765.0 85558
6956 34785.0 85558
6960 34805.0 85558
6964 34825.0 85558
6968 34845.0 85558
6972 34865.0 85558
6976 34885.0 85558
6980 34905.0 85453
6984 34925.0 85453
6988 34945.0 85434
6992 34965.0 85434
6996 34985.0 85430
7000 35005.0 85430
7004 35025.0 85430
7008 35045.0 85430
7012 35065.0 85430
7016 35085.0 85430
7020 35105.0 85424
7024 35125.0 85424
7028 35145.0 85424
7032 35165.0 85424
7036 35185.0 85405
7040 35205.0 85405
7044 35225.0 85360
7048 35245.0 85360
7052 35265.0 85360
7056 35285.0 85360
7060 35305.0 85360
7064 35325.0 85360
7068 35345.0 85360
7072 35365.0 85360
7076 35385.0 85360
7080 35405.0 85360
7084 35425.0 85349
7088 35445.0 85349
7092 35465.0 85327
7096 35485.0 85327
7100 35505.0 85327
7104 35525.0 85327
7108 35545.0 85327
7112 35565.0 85190
7116 35585.0 85190
7120 35605.0 85190
7124 35625.0 85190
7128 35645.0 85132
7132 35665.0 85132
7136 35685.0 85089
7140 35705.0 85089
7144 35725.0 85089
7148 35745.0 85089
7152 35765.0 85078
7156 35785.0 85064
7160 35805.0 85064
7164 35825.0 85064
7168 35845.0 85064
7172 35865.0 84861
7176 35885.0 84861
7180 35905.0 84861
7184 35925.0 84861
7188 35945.0 84861
7192 35965.0 84861
7196 35985.0 84833
7200 36005.0 84833
7204 36025.0 84833
7208 36045.0 84833
7212 36065.0 84833
7216 36085.0 84833
7220 36105.0 84833
7224 36125.0 84833
7228 36145.0 84833
7232 36165.0 84833
7236 36185.0 84833
7240 36205.0 84833
7244 36225.0 84833
7248 36245.0 84833
7252 36265.0 84833
7256 36285.0 84833
7260 36305.0 84833
7264 36325.0 84376
7268 36345.0 84345
7272 36365.0 84345
7276 36385.0 84144
7280 36405.0 84144
7284 36425.0 84144
7288 36445.0 84144
7292 36465.0 84144
7296 36485.0 84144
7300 36505.0 84144
7304 36525.0 84144
7308 36545.0 84144
7312 36565.0 84144
7316 36585.0 84144
7320 36605.0 84144
7324 36625.0 84144
7328 36645.0 84144
7332 36665.0 84144
7336 36685.0 84144
7340 36705.0 84144
7344 36725.0 84144
7348 36745.0 84144
7352 36765.0 84144
7356 36785.0 84144
7360 36805.0 84119
7364 36825.0 84119
7368 36845.0 84119
7372 36865.0 84119
7376 36885.0 84119
7380 36905.0 84119
7384 36925.0 84119
7388 36945.0 84119
7392 36965.0 84119
7396 36985.0 84119
7400 37005.0 84119
7404 37025.0 84119
7408 37045.0 84119
7412 37065.0 84119
7416 37085.0 84119
7420 37105.0 84119
7424 37125.0 84119
7428 37145.0 84119
7432 37165.0 84119
7436 37185.0 84119
7440 37205.0 84119
7444 37225.0 84119
7448 37245.0 84119
7452 37265.0 84119
7456 37285.0 84119
7460 37305.0 84119
7464 37325.0 84119
7468 37345.0 84119
7472 37365.0 84119
7476 37385.0 84119
7480 37405.0 84119
7484 37425.0 84119
7488 37445.0 84119
7492 37465.0 84119
7496 37485.0 84119
7500 37505.0 84119
7504 37525.0 84119
7508 37545.0 84117
7512 37565.0 84117
7516 37585.0 84117
7520 37605.0 84117
7524 37625.0 84117
7528 37645.0 84117
7532 37665.0 84117
7536 37685.0 84117
7540 37705.0 84117
7544 37725.0 84117
7548 37745.0 84117
7552 37765.0 84117
7556 37785.0 84117
7560 37805.0 84117
7564 37825.0 84117
7568 37845.0 84117
7572 37865.0 84117
7576 37885.0 84117
7580 37905.0 84117
7584 37925.0 84117
7588 37945.0 84117
7592 37965.0 84117
7596 37985.0 84117
7600 38005.0 84117
7604 38025.0 84117
7608 38045.0 84117
7612 38065.0 84117
7616 38085.0 84117
7620 38105.0 84117
7624 38125.0 84117
7628 38145.0 84117
7632 38165.0 84117
7636 38185.0 84117
7640 38205.0 84117
7644 38225.0 84117
7648 38245.0 84117
7652 38265.0 84117
7656 38285.0 84117
7660 38305.0 84117
7664 38325.0 84117
7668 38345.0 84117
7672 38365.0 84117
7676 38385.0 84117
7680 38405.0 84117
7684 38425.0 84117
7688 38445.0 84117
7692 38465.0 84117
7696 38485.0 84117
7700 38505.0 84117
7704 38525.0 84117
7708 38545.0 84117
7712 38565.0 84117
7716 38585.0 84117
7720 38605.0 84117
7724 38625.0 84117
7728 38645.0 84117
7732 38665.0 84117
7736 38685.0 84117
7740 38705.0 84117
7744 38725.0 84117
7748 38745.0 84117
7752 38765.0 84117
7756 38785.0 84117
7760 38805.0 84117
7764 38825.0 84117
7768 38845.0 84117
7772 38865.0 84117
7776 38885.0 84117
7780 38905.0 84117
7784 38925.0 84117
7788 38945.0 84117
7792 38965.0 84117
7796 38985.0 84117
7800 39005.0 84117
7804 39025.0 84117
7808 39045.0 84117
7812 39065.0 84117
7816 39085.0 84117
7820 39105.0 84117
7824 39125.0 84117
7828 39145.0 84117
7832 39165.0 84117
7836 39185.0 84117
7840 39205.0 84117
7844 39225.0 84117
7848 39245.0 84117
7852 39265.0 84117
7856 39285.0 84117
7860 39305.0 84117
7864 39325.0 84117
7868 39345.0 84117
7872 39365.0 84117
7876 39385.0 84117
7880 39405.0 84117
7884 39425.0 84117
7888 39445.0 84069
7892 39465.0 84052
7896 39485.0 84052
7900 39505.0 84052
7904 39525.0 84052
7908 39545.0 84052
7912 39565.0 84052
7916 39585.0 84052
7920 39605.0 84052
7924 39625.0 84052
7928 39645.0 83966
7932 39665.0 83966
7936 39685.0 83845
7940 39705.0 83670
7944 39725.0 83670
7948 39745.0 83596
7952 39765.0 83596
7956 39785.0 83596
7960 39805.0 83596
7964 39825.0 83596
7968 39845.0 83574
7972 39865.0 83574
7976 39885.0 83574
7980 39905.0 83574
7984 39925.0 83574
7988 39945.0 83574
7992 39965.0 83574
7996 39985.0 83574
8000 40005.0 83562
8004 40025.0 83562
8008 40045.0 83562
8012 40065.0 83562
8016 40085.0 83562
8020 40105.0 83562
8024 40125.0 83562
8028 40145.0 83562
8032 40165.0 83562
8036 40185.0 83406
8040 40205.0 83406
8044 40225.0 83406
8048 40245.0 83406
8052 40265.0 83406
8056 40285.0 83406
8060 40305.0 83406
8064 40325.0 83406
8068 40345.0 83406
8072 40365.0 83406
8076 40385.0 83406
8080 40405.0 83406
8084 40425.0 83406
8088 40445.0 83406
8092 40465.0 83406
8096 40485.0 83406
8100 40505.0 83406
8104 40525.0 83406
8108 40545.0 83406
8112 40565.0 83406
8116 40585.0 83406
8120 40605.0 83406
8124 40625.0 83406
8128 40645.0 83406
8132 40665.0 83406
8136 40685.0 83406
8140 40705.0 83406
8144 40725.0 83406
8148 40745.0 83406
8152 40765.0 83225
8156 40785.0 83225
8160 40805.0 83220
8164 40825.0 83220
8168 40845.0 83220
8172 40865.0 83220
8176 40885.0 83220
8180 40905.0 83220
8184 40925.0 83220
8188 40945.0 83220
8192 40965.0 83220
8196 40985.0 83220
8200 41005.0 83184
8204 41025.0 83184
8208 41045.0 83184
8212 41065.0 83184
8216 41085.0 83184
8220 41105.0 83184
8224 41125.0 83184
8228 41145.0 83117
8232 41165.0 83117
8236 41185.0 83117
8240 41205.0 83117
8244 41225.0 83117
8248 41245.0 83117
8252 41265.0 83117
8256 41285.0 83117
8260 41305.0 83107
8264 41325.0 83107
8268 41345.0 83107
8272 41365.0 83107
8276 41385.0 83107
8280 41405.0 83107
8284 41425.0 83107
8288 41445.0 83107
8292 41465.0 83107
8296 41485.0 83107
8300 41505.0 83064
8304 41525.0 82983
8308 41545.0 82978
8312 41565.0 82958
8316 41585.0 82958
8320 41605.0 82834
8324 41625.0 82634
8328 41645.0 82614
8332 41665.0 82614
8336 41685.0 82614
8340 41705.0 82614
8344 41725.0 82614
8348 41745.0 82614
8352 41765.0 82614
8356 41785.0 82614
8360 41805.0 82614
8364 41825.0 82614
8368 41845.0 82614
8372 41865.0 82614
8376 41885.0 82614
8380 41905.0 82614
8384 41925.0 82614
8388 41945.0 82614
8392 41965.0 82614
8396 41985.0 82614
8400 42005.0 82614
8404 42025.0 82614
8408 42045.0 82614
8412 42065.0 82614
8416 42085.0 82614
8420 42105.0 82614
8424 42125.0 82614
8428 42145.0 82614
8432 42165.0 82614
8436 42185.0 82614
8440 42205.0 82614
8444 42225.0 82614
8448 42245.0 82614
8452 42265.0 82614
8456 42285.0 82614
8460 42305.0 82614
8464 42325.0 82614
8468 42345.0 82614
8472 42365.0 82614
8476 42385.0 82614
8480 42405.0 82614
8484 42425.0 82614
8488 42445.0 82614
8492 42465.0 82614
8496 42485.0 82614
8500 42505.0 82614
8504 42525.0 82614
8508 42545.0 82614
8512 42565.0 82614
8516 42585.0 82614
8520 42605.0 82614
8524 42625.0 82614
8528 42645.0 82614
8532 42665.0 82614
8536 42685.0 82578
8540 42705.0 82373
8544 42725.0 82373
8548 42745.0 82373
8552 42765.0 82373
8556 42785.0 82238
8560 42805.0 82238
8564 42825.0 82238
8568 42845.0 82238
8572 42865.0 82190
8576 42885.0 82098
8580 42905.0 82098
8584 42925.0 82063
8588 42945.0 82038
8592 42965.0 82008
8596 42985.0 82008
8600 43005.0 81985
8604 43025.0 81985
8608 43045.0 81985
8612 43065.0 81985
8616 43085.0 80801
8620 43105.0 80791
8624 43125.0 80791
8628 43145.0 80387
8632 43165.0 80387
8636 43185.0 80380
8640 43205.0 80380
8644 43225.0 80275
8648 43245.0 80184
8652 43265.0 80184
8656 43285.0 80184
8660 43305.0 80184
8664 43325.0 80011
8668 43345.0 80011
8672 43365.0 80011
8676 43385.0 80011
8680 43405.0 80000
8684 43425.0 80000
8688 43445.0 79972
8692 43465.0 79972
8696 43485.0 79972
8700 43505.0 79972
8704 43525.0 79961
8708 43545.0 79961
8712 43565.0 79944
8716 43585.0 79832
8720 43605.0 79832
8724 43625.0 79832
8728 43645.0 79821
8732 43665.0 79821
8736 43685.0 79821
8740 43705.0 79821
8744 43725.0 79821
8748 43745.0 79821
8752 43765.0 79821
8756 43785.0 79763
8760 43805.0 79763
8764 43825.0 79763
8768 43845.0 79763
8772 43865.0 79763
8776 43885.0 79763
8780 43905.0 79763
8784 43925.0 79763
8788 43945.0 79763
8792 43965.0 79763
8796 43985.0 79763
8800 44005.0 79602
8804 44025.0 79564
8808 44045.0 79563
8812 44065.0 79539
8816 44085.0 79539
8820 44105.0 79491
8824 44125.0 79491
8828 44145.0 79467
8832 44165.0 79467
8836 44185.0 79467
8840 44205.0 79467
8844 44225.0 79467
8848 44245.0 79467
8852 44265.0 79467
8856 44285.0 79467
8860 44305.0 79440
8864 44325.0 79416
8868 44345.0 79416
8872 44365.0 79416
8876 44385.0 79416
8880 44405.0 79416
8884 44425.0 79416
8888 44445.0 79416
8892 44465.0 79416
8896 44485.0 79416
8900 44505.0 79416
8904 44525.0 79405
8908 44545.0 79401
8912 44565.0 79309
8916 44585.0 79305
8920 44605.0 79185
8924 44625.0 79185
8928 44645.0 79112
8932 44665.0 79096
8936 44685.0 79070
8940 44705.0 79070
8944 44725.0 79070
8948 44745.0 79070
8952 44765.0 79070
8956 44785.0 79070
8960 44805.0 79070
8964 44825.0 79070
8968 44845.0 78999
8972 44865.0 78989
8976 44885.0 78989
8980 44905.0 78989
8984 44925.0 78989
8988 44945.0 78989
8992 44965.0 78989
8996 44985.0 78989
9000 45005.0 78989
9004 45025.0 78973
9008 45045.0 78963
9012 45065.0 78958
9016 45085.0 78925
9020 45105.0 78925
9024 45125.0 78922
9028 45145.0 78922
9032 45165.0 78922
9036 45185.0 78922
9040 45205.0 78922
9044 45225.0 78922
9048 45245.0 78922
9052 45265.0 78922
9056 45285.0 78899
9060 45305.0 78889
9064 45325.0 78889
9068 45345.0 78866
9072 45365.0 78866
9076 45385.0 78866
9080 45405.0 78866
9084 45425.0 78866
9088 45445.0 78866
9092 45465.0 78866
9096 45485.0 78866
9100 45505.0 78866
9104 45525.0 78866
9108 45545.0 78866
9112 45565.0 78699
9116 45585.0 78699
9120 45605.0 78699
9124 45625.0 78699
9128 45645.0 78699
9132 45665.0 78699
9136 45685.0 78699
9140 45705.0 78699
9144 45725.0 78699
9148 45745.0 78699
9152 45765.0 78699
9156 45785.0 78699
9160 45805.0 78699
9164 45825.0 78699
9168 45845.0 78699
9172 45865.0 78699
9176 45885.0 78699
9180 45905.0 78699
9184 45925.0 78699
9188 45945.0 78699
9192 45965.0 78699
9196 45985.0 78699
9200 46005.0 78699
9204 46025.0 78699
9208 46045.0 78699
9212 46065.0 78699
9216 46085.0 78699
9220 46105.0 78699
9224 46125.0 78699
9228 46145.0 78699
9232 46165.0 78699
9236 46185.0 78699
9240 46205.0 78699
9244 46225.0 78699
9248 46245.0 78699
9252 46265.0 78656
9256 46285.0 78559
9260 46305.0 78559
9264 46325.0 78559
9268 46345.0 78477
9272 46365.0 78356
9276 46385.0 78356
9280 46405.0 78356
9284 46425.0 78356
9288 46445.0 78356
9292 46465.0 78356
9296 46485.0 78040
9300 46505.0 78040
9304 46525.0 78040
9308 46545.0 78040
9312 46565.0 78040
9316 46585.0 77990
9320 46605.0 77949
9324 46625.0 77949
9328 46645.0 77949
9332 46665.0 77949
9336 46685.0 77906
9340 46705.0 77906
9344 46725.0 77906
9348 46745.0 77712
9352 46765.0 77533
9356 46785.0 77533
9360 46805.0 77533
9364 46825.0 77483
9368 46845.0 77483
9372 46865.0 77483
9376 46885.0 77483
9380 46905.0 77483
9384 46925.0 77483
9388 46945.0 77483
9392 46965.0 77483
9396 46985.0 77483
9400 47005.0 77483
9404 47025.0 77483
9408 47045.0 77483
9412 47065.0 77483
9416 47085.0 77483
9420 47105.0 77483
9424 47125.0 77483
9428 47145.0 77483
9432 47165.0 77483
9436 47185.0 77483
9440 47205.0 77483
9444 47225.0 77483
9448 47245.0 77483
9452 47265.0 77483
9456 47285.0 77483
9460 47305.0 77427
9464 47325.0 77427
9468 47345.0 77427
9472 47365.0 77427
9476 47385.0 77427
9480 47405.0 77427
9484 47425.0 77427
9488 47445.0 77427
9492 47465.0 77427
9496 47485.0 77427
9500 47505.0 77427
9504 47525.0 77427
9508 47545.0 77371
9512 47565.0 77360
9516 47585.0 77360
9520 47605.0 77360
9524 47625.0 77360
9528 47645.0 77340
9532 47665.0 77340
9536 47685.0 77340
9540 47705.0 77340
9544 47725.0 77340
9548 47745.0 77340
9552 47765.0 77340
9556 47785.0 77340
9560 47805.0 77340
9564 47825.0 77340
9568 47845.0 77340
9572 47865.0 77340
9576 47885.0 77340
9580 47905.0 77340
9584 47925.0 77340
9588 47945.0 77340
9592 47965.0 77340
9596 47985.0 77340
9600 48005.0 77340
9604 48025.0 77340
9608 48045.0 77340
9612 48065.0 77150
9616 48085.0 77150
9620 48105.0 77150
9624 48125.0 77150
9628 48145.0 77150
9632 48165.0 77150
9636 48185.0 77150
9640 48205.0 77150
9644 48225.0 77150
9648 48245.0 77150
9652 48265.0 77150
9656 48285.0 77125
9660 48305.0 77125
9664 48325.0 77125
9668 48345.0 77125
9672 48365.0 77125
9676 48385.0 77125
9680 48405.0 77125
9684 48425.0 77125
9688 48445.0 77125
9692 48465.0 77125
9696 48485.0 77125
9700 48505.0 77125
9704 48525.0 77125
9708 48545.0 77125
9712 48565.0 77125
9716 48585.0 77125
9720 48605.0 77125
9724 48625.0 77125
9728 48645.0 77125
9732 48665.0 77125
9736 48685.0 77125
9740 48705.0 77125
9744 48725.0 77125
9748 48745.0 77125
9752 48765.0 77125
9756 48785.0 77125
9760 48805.0 77125
9764 48825.0 77125
9768 48845.0 77125
9772 48865.0 77121
9776 48885.0 77121
9780 48905.0 77121
9784 48925.0 77121
9788 48945.0 77121
9792 48965.0 77121
9796 48985.0 77121
9800 49005.0 77121
9804 49025.0 77121
9808 49045.0 77121
9812 49065.0 77121
9816 49085.0 77121
9820 49105.0 76681
9824 49125.0 76681
9828 49145.0 76681
9832 49165.0 76681
9836 49185.0 76681
9840 49205.0 76681
9844 49225.0 76681
9848 49245.0 76681
9852 49265.0 76681
9856 49285.0 76681
9860 49305.0 76681
9864 49325.0 76681
9868 49345.0 76681
9872 49365.0 76681
9876 49385.0 76681
9880 49405.0 76681
9884 49425.0 76681
9888 49445.0 76681
9892 49465.0 76681
9896 49485.0 76681
9900 49505.0 76681
9904 49525.0 76681
9908 49545.0 76681
9912 49565.0 76681
9916 49585.0 76681
9920 49605.0 76681
9924 49625.0 76681
9928 49645.0 76681
9932 49665.0 76681
9936 49685.0 76681
9940 49705.0 76435
9944 49725.0 76435
9948 49745.0 76435
9952 49765.0 76435
9956 49785.0 76435
9960 49805.0 76435
9964 49825.0 76435
9968 49845.0 76435
9972 49865.0 76435
9976 49885.0 76435
9980 49905.0 76435
9984 49925.0 76435
9988 49945.0 76435
9992 49965.0 76435
9996 49985.0 76435
10000 50005.0 76435
10004 50025.0 76435
10008 50045.0 76435
10012 50065.0 76435
10016 50085.0 76435
10020 50105.0 76435
10024 50125.0 76404
10028 50145.0 76404
10032 50165.0 76404
10036 50185.0 76404
10040 50205.0 76404
10044 50225.0 76404
10048 50245.0 76404
10052 50265.0 76404
10056 50285.0 76362
10060 50305.0 76362
10064 50325.0 76362
10068 50345.0 76079
10072 50365.0 76079
10076 50385.0 76079
10080 50405.0 76079
10084 50425.0 76037
10088 50445.0 76037
10092 50465.0 76037
10096 50485.0 76037
10100 50505.0 76037
10104 50525.0 76037
10108 50545.0 76037
10112 50565.0 76037
10116 50585.0 76037
10120 50605.0 76037
10124 50625.0 76019
10128 50645.0 76019
10132 50665.0 75972
10136 50685.0 75972
10140 50705.0 75972
10144 50725.0 75972
10148 50745.0 75972
10152 50765.0 75972
10156 50785.0 75972
10160 50805.0 75972
10164 50825.0 75972
10168 50845.0 75972
10172 50865.0 75972
10176 50885.0 75972
10180 50905.0 75972
10184 50925.0 75972
10188 50945.0 75972
10192 50965.0 75972
10196 50985.0 75972
10200 51005.0 75972
10204 51025.0 75972
10208 51045.0 75972
10212 51065.0 75972
10216 51085.0 75972
10220 51105.0 75972
10224 51125.0 75972
10228 51145.0 75972
10232 51165.0 75972
10236 51185.0 75972
10240 51205.0 75972
10244 51225.0 75972
10248 51245.0 75972
10252 51265.0 75972
10256 51285.0 75972
10260 51305.0 75972
10264 51325.0 75972
10268 51345.0 75972
10272 51365.0 75972
10276 51385.0 75972
10280 51405.0 75972
10284 51425.0 75972
10288 51445.0 75972
10292 51465.0 75972
10296 51485.0 75972
10300 51505.0 75972
10304 51525.0 75972
10308 51545.0 75972
10312 51565.0 75972
10316 51585.0 75972
10320 51605.0 75972
10324 51625.0 75972
10328 51645.0 75972
10332 51665.0 75972
10336 51685.0 75972
10340 51705.0 75972
10344 51725.0 75972
10348 51745.0 75972
10352 51765.0 75972
10356 51785.0 75972
10360 51805.0 75972
10364 51825.0 75972
10368 51845.0 75972
10372 51865.0 75972
10376 51885.0 75972
10380 51905.0 75972
10384 51925.0 75972
10388 51945.0 75972
10392 51965.0 75972
10396 51985.0 75972
10400 52005.0 75972
10404 52025.0 75972
10408 52045.0 75972
10412 52065.0 75972
10416 52085.0 75972
10420 52105.0 75972
10424 52125.0 75972
10428 52145.0 75972
10432 52165.0 75972
10436 52185.0 75972
10440 52205.0 75972
10444 52225.0 75972
10448 52245.0 75972
10452 52265.0 75972
10456 52285.0 75972
10460 52305.0 75972
10464 52325.0 75972
10468 52345.0 75972
10472 52365.0 75949
10476 52385.0 75949
10480 52405.0 75949
10484 52425.0 75949
10488 52445.0 75949
10492 52465.0 75949
10496 52485.0 75928
10500 52505.0 75928
10504 52525.0 75928
10508 52545.0 75928
10512 52565.0 75895
10516 52585.0 75895
10520 52605.0 75895
10524 52625.0 75895
10528 52645.0 75895
10532 52665.0 75895
10536 52685.0 75895
10540 52705.0 75851
10544 52725.0 75851
10548 52745.0 75851
10552 52765.0 75851
10556 52785.0 75851
10560 52805.0 75851
10564 52825.0 75851
10568 52845.0 75851
10572 52865.0 75841
10576 52885.0 75841
10580 52905.0 75797
10584 52925.0 75797
10588 52945.0 75797
10592 52965.0 75797
10596 52985.0 75797
10600 53005.0 75797
10604 53025.0 75797
10608 53045.0 75797
10612 53065.0 75797
10616 53085.0 75797
10620 53105.0 75797
10624 53125.0 75797
10628 53145.0 75797
10632 53165.0 75797
10636 53185.0 75797
10640 53205.0 75797
10644 53225.0 75797
10648 53245.0 75797
10652 53265.0 75797
10656 53285.0 75797
10660 53305.0 75797
10664 53325.0 75797
10668 53345.0 75797
10672 53365.0 75797
10676 53385.0 75772
10680 53405.0 75768
10684 53425.0 75768
10688 53445.0 75768
10692 53465.0 75768
10696 53485.0 75768
10700 53505.0 75768
10704 53525.0 75768
10708 53545.0 75768
10712 53565.0 75768
10716 53585.0 75768
10720 53605.0 75768
10724 53625.0 75768
10728 53645.0 75768
10732 53665.0 75768
10736 53685.0 75768
10740 53705.0 75768
10744 53725.0 75768
10748 53745.0 75768
10752 53765.0 75768
10756 53785.0 75768
10760 53805.0 75766
10764 53825.0 75766
10768 53845.0 75766
10772 53865.0 75766
10776 53885.0 75766
10780 53905.0 75766
10784 53925.0 75766
10788 53945.0 75766
10792 53965.0 75766
10796 53985.0 75766
10800 54005.0 75766
10804 54025.0 75766
10808 54045.0 75766
10812 54065.0 75766
10816 54085.0 75766
10820 54105.0 75766
10824 54125.0 75766
10828 54145.0 75766
10832 54165.0 75766
10836 54185.0 75766
10840 54205.0 75766
10844 54225.0 75766
10848 54245.0 75766
10852 54265.0 75766
10856 54285.0 75766
10860 54305.0 75766
10864 54325.0 75755
10868 54345.0 75755
10872 54365.0 75755
10876 54385.0 75755
10880 54405.0 75755
10884 54425.0 75755
10888 54445.0 75755
10892 54465.0 75755
10896 54485.0 75755
10900 54505.0 75755
10904 54525.0 75755
10908 54545.0 75755
10912 54565.0 75755
10916 54585.0 75755
10920 54605.0 75755
10924 54625.0 75755
10928 54645.0 75755
10932 54665.0 75755
10936 54685.0 75755
10940 54705.0 75755
10944 54725.0 75755
10948 54745.0 75755
10952 54765.0 75755
10956 54785.0 75755
10960 54805.0 75755
10964 54825.0 75755
10968 54845.0 75755
10972 54865.0 75755
10976 54885.0 75755
10980 54905.0 75755
10984 54925.0 75755
10988 54945.0 75755
10992 54965.0 75755
10996 54985.0 75755
11000 55005.0 75649
11004 55025.0 75649
11008 55045.0 75649
11012 55065.0 75649
11016 55085.0 75649
11020 55105.0 75649
11024 55125.0 75649
11028 55145.0 75649
11032 55165.0 75649
11036 55185.0 75649
11040 55205.0 75649
11044 55225.0 75649
11048 55245.0 75649
11052 55265.0 75649
11056 55285.0 75598
11060 55305.0 75598
11064 55325.0 75598
11068 55345.0 75598
11072 55365.0 75598
11076 55385.0 75598
11080 55405.0 75598
11084 55425.0 75598
11088 55445.0 75598
11092 55465.0 75598
11096 55485.0 75598
11100 55505.0 75598
11104 55525.0 75598
11108 55545.0 75598
11112 55565.0 75598
11116 55585.0 75598
11120 55605.0 75598
11124 55625.0 75598
11128 55645.0 75598
11132 55665.0 75598
11136 55685.0 75598
11140 55705.0 75598
11144 55725.0 75598
11148 55745.0 75598
11152 55765.0 75598
11156 55785.0 75598
11160 55805.0 75598
11164 55825.0 75598
11168 55845.0 75598
11172 55865.0 75598
11176 55885.0 75598
11180 55905.0 75598
11184 55925.0 75598
11188 55945.0 75598
11192 55965.0 75598
11196 55985.0 75598
11200 56005.0 75598
11204 56025.0 75598
11208 56045.0 75598
11212 56065.0 75598
11216 56085.0 75598
11220 56105.0 75598
11224 56125.0 75598
11228 56145.0 75598
11232 56165.0 75598
11236 56185.0 75598
11240 56205.0 75598
11244 56225.0 75598
11248 56245.0 75598
11252 56265.0 75598
11256 56285.0 75598
11260 56305.0 75598
11264 56325.0 75598
11268 56345.0 75598
11272 56365.0 75598
11276 56385.0 75598
11280 56405.0 75598
11284 56425.0 75598
11288 56445.0 75598
11292 56465.0 75598
11296 56485.0 75598
11300 56505.0 75598
11304 56525.0 75598
11308 56545.0 75598
11312 56565.0 75598
11316 56585.0 75598
11320 56605.0 75598
11324 56625.0 75598
11328 56645.0 75598
11332 56665.0 75598
11336 56685.0 75598
11340 56705.0 75598
11344 56725.0 75598
11348 56745.0 75598
11352 56765.0 75598
11356 56785.0 75598
11360 56805.0 75598
11364 56825.0 75598
11368 56845.0 75598
11372 56865.0 75598
11376 56885.0 75598
11380 56905.0 75598
11384 56925.0 75598
11388 56945.0 75598
11392 56965.0 75598
11396 56985.0 75598
11400 57005.0 75598
11404 57025.0 75598
11408 57045.0 75598
11412 57065.0 75598
11416 57085.0 75598
11420 57105.0 75598
11424 57125.0 75598
11428 57145.0 75598
11432 57165.0 75598
11436 57185.0 75598
11440 57205.0 75598
11444 57225.0 75598
11448 57245.0 75598
11452 57265.0 75598
11456 57285.0 75598
11460 57305.0 75598
11464 57325.0 75447
11468 57345.0 75447
11472 57365.0 75447
11476 57385.0 75447
11480 57405.0 75447
11484 57425.0 75447
11488 57445.0 75276
11492 57465.0 75276
11496 57485.0 75276
11500 57505.0 75276
11504 57525.0 75276
11508 57545.0 75276
11512 57565.0 75276
11516 57585.0 75276
11520 57605.0 75276
11524 57625.0 75276
11528 57645.0 75276
11532 57665.0 75276
11536 57685.0 75276
11540 57705.0 75276
11544 57725.0 75276
11548 57745.0 75276
11552 57765.0 75276
11556 57785.0 75276
11560 57805.0 75276
11564 57825.0 75276
11568 57845.0 75276
11572 57865.0 75276
11576 57885.0 75276
11580 57905.0 75276
11584 57925.0 75276
11588 57945.0 75276
11592 57965.0 75276
11596 57985.0 75276
11600 58005.0 75276
11604 58025.0 75276
11608 58045.0 75276
11612 58065.0 75276
11616 58085.0 75276
11620 58105.0 75276
11624 58125.0 75276
11628 58145.0 75276
11632 58165.0 75276
11636 58185.0 75276
11640 58205.0 75276
11644 58225.0 75268
11648 58245.0 75268
11652 58265.0 75268
11656 58285.0 75268
11660 58305.0 75268
11664 58325.0 75268
11668 58345.0 75268
11672 58365.0 75268
11676 58385.0 75268
11680 58405.0 75268
11684 58425.0 75240
11688 58445.0 75240
11692 58465.0 75240
11696 58485.0 75240
11700 58505.0 75240
11704 58525.0 75240
11708 58545.0 75240
11712 58565.0 75240
11716 58585.0 75240
11720 58605.0 75170
11724 58625.0 75170
11728 58645.0 75170
11732 58665.0 75170
11736 58685.0 75170
11740 58705.0 75170
11744 58725.0 75170
11748 58745.0 75170
11752 58765.0 75170
11756 58785.0 75161
11760 58805.0 75161
11764 58825.0 75161
11768 58845.0 75161
11772 58865.0 75161
11776 58885.0 75161
11780 58905.0 75161
11784 58925.0 75161
11788 58945.0 75161
11792 58965.0 75161
11796 58985.0 75147
11800 59005.0 75138
11804 59025.0 75138
11808 59045.0 75138
11812 59065.0 75138
11816 59085.0 75138
11820 59105.0 75138
11824 59125.0 75138
11828 59145.0 75138
11832 59165.0 75138
11836 59185.0 75138
11840 59205.0 75138
11844 59225.0 75138
11848 59245.0 75138
11852 59265.0 75138
11856 59285.0 75138
11860 59305.0 75138
11864 59325.0 75138
11868 59345.0 75138
11872 59365.0 75138
11876 59385.0 75138
11880 59405.0 75138
11884 59425.0 75035
11888 59445.0 75035
11892 59465.0 75035
11896 59485.0 74990
11900 59505.0 74990
11904 59525.0 74990
11908 59545.0 74990
11912 59565.0 74990
11916 59585.0 74990
11920 59605.0 74990
11924 59625.0 74990
11928 59645.0 74990
11932 59665.0 74990
11936 59685.0 74990
11940 59705.0 74965
11944 59725.0 74965
11948 59745.0 74965
11952 59765.0 74965
11956 59785.0 74965
11960 59805.0 74965
11964 59825.0 74965
11968 59845.0 74964
11972 59865.0 74964
11976 59885.0 74964
11980 59905.0 74964
11984 59925.0 74964
11988 59945.0 74964
11992 59965.0 74964
11996 59985.0 74964
