 Time_Seconds Best_Fitness
0 5.0 472616.0
4 25.0 440623.0
8 45.0 420179.0
12 65.0 405256.0
16 85.0 390517.0
20 105.0 376114.0
24 125.0 364104.0
28 145.0 353161.0
32 165.0 337383.0
36 185.0 326649.0
40 205.0 314472.0
44 225.0 302038.0
48 245.0 292756.0
52 265.0 279703.0
56 285.0 275509.0
60 305.0 268270.0
64 325.0 261991.0
68 345.0 256137.0
72 365.0 251507.0
76 385.0 245764.0
80 405.0 238528.0
84 425.0 235198.0
88 445.0 230226.0
92 465.0 227071.0
96 485.0 221513.0
100 505.0 219322.0
104 525.0 215813.0
108 545.0 214268.0
112 565.0 208802.0
116 585.0 206368.0
120 605.0 201065.0
124 625.0 197924.0
128 645.0 195642.0
132 665.0 192128.0
136 685.0 189535.0
140 705.0 186006.0
144 725.0 182078.0
148 745.0 179942.0
152 765.0 177699.0
156 785.0 174587.0
160 805.0 171745.0
164 825.0 169935.0
168 845.0 168358.0
172 865.0 166411.0
176 885.0 164188.0
180 905.0 160009.0
184 925.0 155607.0
188 945.0 154471.0
192 965.0 151656.0
196 985.0 150042.0
200 1005.0 148537.0
204 1025.0 146855.0
208 1045.0 145591.0
212 1065.0 143236.0
216 1085.0 142125.0
220 1105.0 140425.0
224 1125.0 138382.0
228 1145.0 136484.0
232 1165.0 134788.0
236 1185.0 133604.0
240 1205.0 131100.0
244 1225.0 130401.0
248 1245.0 128785.0
252 1265.0 127894.0
256 1285.0 126919.0
260 1305.0 125140.0
264 1325.0 123582.0
268 1345.0 122659.0
272 1365.0 121572.0
276 1385.0 119859.0
280 1405.0 118778.0
284 1425.0 118230.0
288 1445.0 116695.0
292 1465.0 116006.0
296 1485.0 114987.0
300 1505.0 113821.0
304 1525.0 112655.0
308 1545.0 111411.0
312 1565.0 110700.0
316 1585.0 109898.0
320 1605.0 107704.0
324 1625.0 106246.0
328 1645.0 105062.0
332 1665.0 103979.0
336 1685.0 103025.0
340 1705.0 101643.0
344 1725.0 100908.0
348 1745.0 100176.0
352 1765.0 99329.0
356 1785.0 98740.0
360 1805.0 98248.0
364 1825.0 97605.0
368 1845.0 96555.0
372 1865.0 95983.0
376 1885.0 95179.0
380 1905.0 94302.0
384 1925.0 93856.0
388 1945.0 92758.0
392 1965.0 92276.0
396 1985.0 91438.0
400 2005.0 90765.0
404 2025.0 89270.0
408 2045.0 88125.0
412 2065.0 87432.0
416 2085.0 86475.0
420 2105.0 85962.0
424 2125.0 85249.0
428 2145.0 84609.0
432 2165.0 83899.0
436 2185.0 83063.0
440 2205.0 82227.0
444 2225.0 81530.0
448 2245.0 80952.0
452 2265.0 80203.0
456 2285.0 79406.0
460 2305.0 78699.0
464 2325.0 78346.0
468 2345.0 77649.0
472 2365.0 76760.0
476 2385.0 75835.0
480 2405.0 75097.0
484 2425.0 74461.0
488 2445.0 74052.0
492 2465.0 73688.0
496 2485.0 73137.0
500 2505.0 72704.0
504 2525.0 72164.0
508 2545.0 71833.0
512 2565.0 71402.0
516 2585.0 70676.0
520 2605.0 70093.0
524 2625.0 69681.0
528 2645.0 69301.0
532 2665.0 68989.0
536 2685.0 68760.0
540 2705.0 68481.0
544 2725.0 68050.0
548 2745.0 67723.0
552 2765.0 67209.0
556 2785.0 66835.0
560 2805.0 66337.0
564 2825.0 65966.0
568 2845.0 65802.0
572 2865.0 65581.0
576 2885.0 65223.0
580 2905.0 64843.0
584 2925.0 64430.0
588 2945.0 64035.0
592 2965.0 63636.0
596 2985.0 63339.0
600 3005.0 62903.0
604 3025.0 62654.0
608 3045.0 62406.0
612 3065.0 62035.0
616 3085.0 61615.0
620 3105.0 61352.0
624 3125.0 61133.0
628 3145.0 60854.0
632 3165.0 60477.0
636 3185.0 60187.0
640 3205.0 59784.0
644 3225.0 59546.0
648 3245.0 59088.0
652 3265.0 58647.0
656 3285.0 58410.0
660 3305.0 58164.0
664 3325.0 57972.0
668 3345.0 57632.0
672 3365.0 57295.0
676 3385.0 56830.0
680 3405.0 56513.0
684 3425.0 56239.0
688 3445.0 56009.0
692 3465.0 55815.0
696 3485.0 55691.0
700 3505.0 55381.0
704 3525.0 55194.0
708 3545.0 54936.0
712 3565.0 54821.0
716 3585.0 54533.0
720 3605.0 54357.0
724 3625.0 54172.0
728 3645.0 53973.0
732 3665.0 53669.0
736 3685.0 53351.0
740 3705.0 53245.0
744 3725.0 53135.0
748 3745.0 52980.0
752 3765.0 52691.0
756 3785.0 52596.0
760 3805.0 52512.0
764 3825.0 52345.0
768 3845.0 52157.0
772 3865.0 51994.0
776 3885.0 51884.0
780 3905.0 51842.0
784 3925.0 51705.0
788 3945.0 51606.0
792 3965.0 51524.0
796 3985.0 51445.0
800 4005.0 51445.0
804 4025.0 51445.0
808 4045.0 51445.0
812 4065.0 51445.0
816 4085.0 51445.0
820 4105.0 51445.0
824 4125.0 51445.0
828 4145.0 51445.0
832 4165.0 51445.0
836 4185.0 51445.0
840 4205.0 51445.0
844 4225.0 51445.0
848 4245.0 51445.0
852 4265.0 51445.0
856 4285.0 51445.0
860 4305.0 51445.0
864 4325.0 51445.0
868 4345.0 51445.0
872 4365.0 51445.0
876 4385.0 51445.0
880 4405.0 51445.0
884 4425.0 51445.0
888 4445.0 51445.0
892 4465.0 51445.0
896 4485.0 51445.0
900 4505.0 51445.0
904 4525.0 51445.0
908 4545.0 51445.0
912 4565.0 51445.0
916 4585.0 51445.0
920 4605.0 51445.0
924 4625.0 51445.0
928 4645.0 51445.0
932 4665.0 51445.0
936 4685.0 51445.0
940 4705.0 51445.0
944 4725.0 51445.0
948 4745.0 51445.0
952 4765.0 51445.0
956 4785.0 51445.0
960 4805.0 51432.0
964 4825.0 51411.0
968 4845.0 51232.0
972 4865.0 51113.0
976 4885.0 50997.0
980 4905.0 50847.0
984 4925.0 50723.0
988 4945.0 50306.0
992 4965.0 50184.0
996 4985.0 50109.0
1000 5005.0 49920.0
1004 5025.0 49757.0
1008 5045.0 49651.0
1012 5065.0 49624.0
1016 5085.0 49555.0
1020 5105.0 49347.0
1024 5125.0 49255.0
1028 5145.0 49242.0
1032 5165.0 49189.0
1036 5185.0 49094.0
1040 5205.0 49007.0
1044 5225.0 48905.0
1048 5245.0 48809.0
1052 5265.0 48698.0
1056 5285.0 48611.0
1060 5305.0 48458.0
1064 5325.0 48425.0
1068 5345.0 48331.0
1072 5365.0 48130.0
1076 5385.0 48085.0
1080 5405.0 47961.0
1084 5425.0 47904.0
1088 5445.0 47878.0
1092 5465.0 47839.0
1096 5485.0 47774.0
1100 5505.0 47703.0
1104 5525.0 47607.0
1108 5545.0 47475.0
1112 5565.0 47376.0
1116 5585.0 47366.0
1120 5605.0 47347.0
1124 5625.0 47340.0
1128 5645.0 47248.0
1132 5665.0 47248.0
1136 5685.0 47248.0
1140 5705.0 47248.0
1144 5725.0 47231.0
1148 5745.0 47094.0
1152 5765.0 46947.0
1156 5785.0 46878.0
1160 5805.0 46875.0
1164 5825.0 46856.0
1168 5845.0 46806.0
1172 5865.0 46732.0
1176 5885.0 46712.0
1180 5905.0 46701.0
1184 5925.0 46688.0
1188 5945.0 46668.0
1192 5965.0 46621.0
1196 5985.0 46520.0
1200 6005.0 46477.0
1204 6025.0 46431.0
1208 6045.0 46266.0
1212 6065.0 46215.0
1216 6085.0 45987.0
1220 6105.0 45885.0
1224 6125.0 45861.0
1228 6145.0 45843.0
1232 6165.0 45781.0
1236 6185.0 45675.0
1240 6205.0 45632.0
1244 6225.0 45610.0
1248 6245.0 45569.0
1252 6265.0 45569.0
1256 6285.0 45569.0
1260 6305.0 45503.0
1264 6325.0 45455.0
1268 6345.0 45389.0
1272 6365.0 45317.0
1276 6385.0 45237.0
1280 6405.0 45200.0
1284 6425.0 45200.0
1288 6445.0 45200.0
1292 6465.0 45200.0
1296 6485.0 45200.0
1300 6505.0 45200.0
1304 6525.0 45200.0
1308 6545.0 45200.0
1312 6565.0 45200.0
1316 6585.0 45200.0
1320 6605.0 45200.0
1324 6625.0 45200.0
1328 6645.0 45200.0
1332 6665.0 45200.0
1336 6685.0 45200.0
1340 6705.0 45200.0
1344 6725.0 45200.0
1348 6745.0 45200.0
1352 6765.0 45200.0
1356 6785.0 45200.0
1360 6805.0 45200.0
1364 6825.0 45200.0
1368 6845.0 45200.0
1372 6865.0 45200.0
1376 6885.0 45200.0
1380 6905.0 45200.0
1384 6925.0 45200.0
1388 6945.0 45200.0
1392 6965.0 45200.0
1396 6985.0 45200.0
1400 7005.0 45200.0
1404 7025.0 45200.0
1408 7045.0 45200.0
1412 7065.0 45200.0
1416 7085.0 45200.0
1420 7105.0 45200.0
1424 7125.0 45200.0
1428 7145.0 45200.0
1432 7165.0 45200.0
1436 7185.0 45200.0
1440 7205.0 45200.0
1444 7225.0 45200.0
1448 7245.0 45200.0
1452 7265.0 45200.0
1456 7285.0 45200.0
1460 7305.0 45200.0
1464 7325.0 45200.0
1468 7345.0 45200.0
1472 7365.0 45200.0
1476 7385.0 45200.0
1480 7405.0 45200.0
1484 7425.0 45200.0
1488 7445.0 45200.0
1492 7465.0 45200.0
1496 7485.0 45200.0
1500 7505.0 45200.0
1504 7525.0 45192.0
1508 7545.0 45192.0
1512 7565.0 45192.0
1516 7585.0 45192.0
1520 7605.0 45192.0
1524 7625.0 45192.0
1528 7645.0 45192.0
1532 7665.0 45192.0
1536 7685.0 45192.0
1540 7705.0 45192.0
1544 7725.0 45192.0
1548 7745.0 45192.0
1552 7765.0 45192.0
1556 7785.0 45192.0
1560 7805.0 45192.0
1564 7825.0 45192.0
1568 7845.0 45192.0
1572 7865.0 45192.0
1576 7885.0 45192.0
1580 7905.0 45192.0
1584 7925.0 45192.0
1588 7945.0 45192.0
1592 7965.0 45192.0
1596 7985.0 45192.0
1600 8005.0 45192.0
1604 8025.0 45192.0
1608 8045.0 45192.0
1612 8065.0 45192.0
1616 8085.0 45192.0
1620 8105.0 45192.0
1624 8125.0 45192.0
1628 8145.0 45192.0
1632 8165.0 45192.0
1636 8185.0 45192.0
1640 8205.0 45192.0
1644 8225.0 45192.0
1648 8245.0 45192.0
1652 8265.0 45192.0
1656 8285.0 45192.0
1660 8305.0 45192.0
1664 8325.0 45191.0
1668 8345.0 45191.0
1672 8365.0 45191.0
1676 8385.0 45191.0
1680 8405.0 45191.0
1684 8425.0 45191.0
1688 8445.0 45191.0
1692 8465.0 45191.0
1696 8485.0 45191.0
1700 8505.0 45191.0
1704 8525.0 45191.0
1708 8545.0 45191.0
1712 8565.0 45191.0
1716 8585.0 45191.0
1720 8605.0 45191.0
1724 8625.0 45191.0
1728 8645.0 45191.0
1732 8665.0 45191.0
1736 8685.0 45191.0
1740 8705.0 45191.0
1744 8725.0 45191.0
1748 8745.0 45191.0
1752 8765.0 45191.0
1756 8785.0 45191.0
1760 8805.0 45191.0
1764 8825.0 45191.0
1768 8845.0 45191.0
1772 8865.0 45191.0
1776 8885.0 45191.0
1780 8905.0 45191.0
1784 8925.0 45191.0
1788 8945.0 45191.0
1792 8965.0 45191.0
1796 8985.0 45191.0
1800 9005.0 45191.0
1804 9025.0 45191.0
1808 9045.0 45191.0
1812 9065.0 45191.0
1816 9085.0 45191.0
1820 9105.0 45191.0
1824 9125.0 45191.0
1828 9145.0 45191.0
1832 9165.0 45191.0
1836 9185.0 45191.0
1840 9205.0 45191.0
1844 9225.0 45191.0
1848 9245.0 45191.0
1852 9265.0 45191.0
1856 9285.0 45191.0
1860 9305.0 45191.0
1864 9325.0 45191.0
1868 9345.0 45191.0
1872 9365.0 45191.0
1876 9385.0 45191.0
1880 9405.0 45191.0
1884 9425.0 45191.0
1888 9445.0 45191.0
1892 9465.0 45191.0
1896 9485.0 45191.0
1900 9505.0 45191.0
1904 9525.0 45191.0
1908 9545.0 45191.0
1912 9565.0 45191.0
1916 9585.0 45191.0
1920 9605.0 45191.0
1924 9625.0 45191.0
1928 9645.0 45191.0
1932 9665.0 45191.0
1936 9685.0 45182.0
1940 9705.0 45175.0
1944 9725.0 45085.0
1948 9745.0 45013.0
1952 9765.0 44960.0
1956 9785.0 44960.0
1960 9805.0 44864.0
1964 9825.0 44792.0
1968 9845.0 44784.0
1972 9865.0 44782.0
1976 9885.0 44692.0
1980 9905.0 44689.0
1984 9925.0 44629.0
1988 9945.0 44584.0
1992 9965.0 44503.0
1996 9985.0 44402.0
2000 10005.0 44344.0
2004 10025.0 44318.0
2008 10045.0 44030.0
2012 10065.0 43897.0
2016 10085.0 43783.0
2020 10105.0 43759.0
2024 10125.0 43752.0
2028 10145.0 43734.0
2032 10165.0 43734.0
2036 10185.0 43734.0
2040 10205.0 43734.0
2044 10225.0 43734.0
2048 10245.0 43734.0
2052 10265.0 43734.0
2056 10285.0 43734.0
2060 10305.0 43734.0
2064 10325.0 43734.0
2068 10345.0 43734.0
2072 10365.0 43734.0
2076 10385.0 43734.0
2080 10405.0 43734.0
2084 10425.0 43734.0
2088 10445.0 43734.0
2092 10465.0 43734.0
2096 10485.0 43734.0
2100 10505.0 43734.0
2104 10525.0 43734.0
2108 10545.0 43734.0
2112 10565.0 43734.0
2116 10585.0 43734.0
2120 10605.0 43734.0
2124 10625.0 43734.0
2128 10645.0 43734.0
2132 10665.0 43734.0
2136 10685.0 43734.0
2140 10705.0 43734.0
2144 10725.0 43734.0
2148 10745.0 43734.0
2152 10765.0 43734.0
2156 10785.0 43734.0
2160 10805.0 43734.0
2164 10825.0 43734.0
2168 10845.0 43734.0
2172 10865.0 43734.0
2176 10885.0 43734.0
2180 10905.0 43734.0
2184 10925.0 43734.0
2188 10945.0 43734.0
2192 10965.0 43734.0
2196 10985.0 43734.0
2200 11005.0 43734.0
2204 11025.0 43734.0
2208 11045.0 43734.0
2212 11065.0 43734.0
2216 11085.0 43734.0
2220 11105.0 43734.0
2224 11125.0 43734.0
2228 11145.0 43734.0
2232 11165.0 43734.0
2236 11185.0 43734.0
2240 11205.0 43734.0
2244 11225.0 43734.0
2248 11245.0 43734.0
2252 11265.0 43734.0
2256 11285.0 43734.0
2260 11305.0 43734.0
2264 11325.0 43734.0
2268 11345.0 43734.0
2272 11365.0 43734.0
2276 11385.0 43734.0
2280 11405.0 43734.0
2284 11425.0 43734.0
2288 11445.0 43734.0
2292 11465.0 43734.0
2296 11485.0 43734.0
2300 11505.0 43734.0
2304 11525.0 43734.0
2308 11545.0 43734.0
2312 11565.0 43734.0
2316 11585.0 43734.0
2320 11605.0 43734.0
2324 11625.0 43734.0
2328 11645.0 43734.0
2332 11665.0 43734.0
2336 11685.0 43734.0
2340 11705.0 43734.0
2344 11725.0 43734.0
2348 11745.0 43734.0
2352 11765.0 43734.0
2356 11785.0 43734.0
2360 11805.0 43734.0
2364 11825.0 43734.0
2368 11845.0 43734.0
2372 11865.0 43734.0
2376 11885.0 43734.0
2380 11905.0 43734.0
2384 11925.0 43734.0
2388 11945.0 43734.0
2392 11965.0 43734.0
2396 11985.0 43716.0
2400 12005.0 43714.0
2404 12025.0 43714.0
2408 12045.0 43714.0
2412 12065.0 43714.0
2416 12085.0 43714.0
2420 12105.0 43714.0
2424 12125.0 43714.0
2428 12145.0 43714.0
2432 12165.0 43714.0
2436 12185.0 43714.0
2440 12205.0 43714.0
2444 12225.0 43714.0
2448 12245.0 43714.0
2452 12265.0 43714.0
2456 12285.0 43714.0
2460 12305.0 43714.0
2464 12325.0 43714.0
2468 12345.0 43714.0
2472 12365.0 43714.0
2476 12385.0 43714.0
2480 12405.0 43714.0
2484 12425.0 43714.0
2488 12445.0 43714.0
2492 12465.0 43714.0
2496 12485.0 43714.0
2500 12505.0 43714.0
2504 12525.0 43714.0
2508 12545.0 43714.0
2512 12565.0 43714.0
2516 12585.0 43714.0
2520 12605.0 43714.0
2524 12625.0 43714.0
2528 12645.0 43714.0
2532 12665.0 43714.0
2536 12685.0 43714.0
2540 12705.0 43714.0
2544 12725.0 43714.0
2548 12745.0 43714.0
2552 12765.0 43714.0
2556 12785.0 43714.0
2560 12805.0 43714.0
2564 12825.0 43714.0
2568 12845.0 43714.0
2572 12865.0 43714.0
2576 12885.0 43714.0
2580 12905.0 43714.0
2584 12925.0 43714.0
2588 12945.0 43714.0
2592 12965.0 43714.0
2596 12985.0 43714.0
2600 13005.0 43714.0
2604 13025.0 43714.0
2608 13045.0 43714.0
2612 13065.0 43714.0
2616 13085.0 43714.0
2620 13105.0 43714.0
2624 13125.0 43714.0
2628 13145.0 43714.0
2632 13165.0 43714.0
2636 13185.0 43714.0
2640 13205.0 43714.0
2644 13225.0 43714.0
2648 13245.0 43714.0
2652 13265.0 43714.0
2656 13285.0 43714.0
2660 13305.0 43714.0
2664 13325.0 43714.0
2668 13345.0 43714.0
2672 13365.0 43714.0
2676 13385.0 43714.0
2680 13405.0 43714.0
2684 13425.0 43714.0
2688 13445.0 43714.0
2692 13465.0 43714.0
2696 13485.0 43714.0
2700 13505.0 43714.0
2704 13525.0 43714.0
2708 13545.0 43714.0
2712 13565.0 43714.0
2716 13585.0 43714.0
2720 13605.0 43714.0
2724 13625.0 43714.0
2728 13645.0 43714.0
2732 13665.0 43714.0
2736 13685.0 43714.0
2740 13705.0 43714.0
2744 13725.0 43714.0
2748 13745.0 43714.0
2752 13765.0 43714.0
2756 13785.0 43714.0
2760 13805.0 43714.0
2764 13825.0 43714.0
2768 13845.0 43714.0
2772 13865.0 43714.0
2776 13885.0 43714.0
2780 13905.0 43714.0
2784 13925.0 43714.0
2788 13945.0 43714.0
2792 13965.0 43714.0
2796 13985.0 43714.0
2800 14005.0 43714.0
2804 14025.0 43714.0
2808 14045.0 43714.0
2812 14065.0 43714.0
2816 14085.0 43714.0
2820 14105.0 43714.0
2824 14125.0 43714.0
2828 14145.0 43714.0
2832 14165.0 43714.0
2836 14185.0 43714.0
2840 14205.0 43714.0
2844 14225.0 43714.0
2848 14245.0 43714.0
2852 14265.0 43714.0
2856 14285.0 43714.0
2860 14305.0 43714.0
2864 14325.0 43714.0
2868 14345.0 43714.0
2872 14365.0 43714.0
2876 14385.0 43714.0
2880 14405.0 43714.0
2884 14425.0 43714.0
2888 14445.0 43714.0
2892 14465.0 43714.0
2896 14485.0 43714.0
2900 14505.0 43714.0
2904 14525.0 43714.0
2908 14545.0 43714.0
2912 14565.0 43714.0
2916 14585.0 43714.0
2920 14605.0 43714.0
2924 14625.0 43714.0
2928 14645.0 43714.0
2932 14665.0 43714.0
2936 14685.0 43714.0
2940 14705.0 43714.0
2944 14725.0 43714.0
2948 14745.0 43714.0
2952 14765.0 43714.0
2956 14785.0 43714.0
2960 14805.0 43714.0
2964 14825.0 43714.0
2968 14845.0 43714.0
2972 14865.0 43714.0
2976 14885.0 43714.0
2980 14905.0 43714.0
2984 14925.0 43714.0
2988 14945.0 43714.0
2992 14965.0 43714.0
2996 14985.0 43714.0
3000 15005.0 43714.0
3004 15025.0 43714.0
3008 15045.0 43714.0
3012 15065.0 43714.0
3016 15085.0 43714.0
3020 15105.0 43714.0
3024 15125.0 43714.0
3028 15145.0 43714.0
3032 15165.0 43714.0
3036 15185.0 43714.0
3040 15205.0 43714.0
3044 15225.0 43714.0
3048 15245.0 43714.0
3052 15265.0 43714.0
3056 15285.0 43714.0
3060 15305.0 43714.0
3064 15325.0 43714.0
3068 15345.0 43714.0
3072 15365.0 43714.0
3076 15385.0 43714.0
3080 15405.0 43714.0
3084 15425.0 43714.0
3088 15445.0 43714.0
3092 15465.0 43714.0
3096 15485.0 43714.0
3100 15505.0 43714.0
3104 15525.0 43714.0
3108 15545.0 43714.0
3112 15565.0 43714.0
3116 15585.0 43714.0
3120 15605.0 43714.0
3124 15625.0 43714.0
3128 15645.0 43714.0
3132 15665.0 43714.0
3136 15685.0 43714.0
3140 15705.0 43714.0
3144 15725.0 43714.0
3148 15745.0 43714.0
3152 15765.0 43714.0
3156 15785.0 43714.0
3160 15805.0 43714.0
3164 15825.0 43714.0
3168 15845.0 43714.0
3172 15865.0 43714.0
3176 15885.0 43714.0
3180 15905.0 43714.0
3184 15925.0 43714.0
3188 15945.0 43714.0
3192 15965.0 43714.0
3196 15985.0 43714.0
3200 16005.0 43714.0
3204 16025.0 43714.0
3208 16045.0 43714.0
3212 16065.0 43714.0
3216 16085.0 43714.0
3220 16105.0 43714.0
3224 16125.0 43714.0
3228 16145.0 43714.0
3232 16165.0 43714.0
3236 16185.0 43714.0
3240 16205.0 43714.0
3244 16225.0 43714.0
3248 16245.0 43714.0
3252 16265.0 43714.0
3256 16285.0 43714.0
3260 16305.0 43714.0
3264 16325.0 43714.0
3268 16345.0 43714.0
3272 16365.0 43714.0
3276 16385.0 43714.0
3280 16405.0 43714.0
3284 16425.0 43714.0
3288 16445.0 43714.0
3292 16465.0 43714.0
3296 16485.0 43714.0
3300 16505.0 43714.0
3304 16525.0 43714.0
3308 16545.0 43714.0
3312 16565.0 43714.0
3316 16585.0 43714.0
3320 16605.0 43714.0
3324 16625.0 43714.0
3328 16645.0 43714.0
3332 16665.0 43714.0
3336 16685.0 43714.0
3340 16705.0 43714.0
3344 16725.0 43714.0
3348 16745.0 43714.0
3352 16765.0 43714.0
3356 16785.0 43714.0
3360 16805.0 43714.0
3364 16825.0 43714.0
3368 16845.0 43714.0
3372 16865.0 43714.0
3376 16885.0 43714.0
3380 16905.0 43714.0
3384 16925.0 43714.0
3388 16945.0 43714.0
3392 16965.0 43714.0
3396 16985.0 43714.0
3400 17005.0 43714.0
3404 17025.0 43714.0
3408 17045.0 43714.0
3412 17065.0 43714.0
3416 17085.0 43714.0
3420 17105.0 43714.0
3424 17125.0 43714.0
3428 17145.0 43714.0
3432 17165.0 43714.0
3436 17185.0 43714.0
3440 17205.0 43714.0
3444 17225.0 43714.0
3448 17245.0 43714.0
3452 17265.0 43714.0
3456 17285.0 43714.0
3460 17305.0 43714.0
3464 17325.0 43714.0
3468 17345.0 43714.0
3472 17365.0 43714.0
3476 17385.0 43714.0
3480 17405.0 43714.0
3484 17425.0 43714.0
3488 17445.0 43714.0
3492 17465.0 43714.0
3496 17485.0 43708.0
3500 17505.0 43695.0
3504 17525.0 43681.0
3508 17545.0 43627.0
3512 17565.0 43627.0
3516 17585.0 43627.0
3520 17605.0 43627.0
3524 17625.0 43627.0
3528 17645.0 43627.0
3532 17665.0 43627.0
3536 17685.0 43627.0
3540 17705.0 43627.0
3544 17725.0 43627.0
3548 17745.0 43627.0
3552 17765.0 43627.0
3556 17785.0 43624.0
3560 17805.0 43624.0
3564 17825.0 43624.0
3568 17845.0 43624.0
3572 17865.0 43624.0
3576 17885.0 43624.0
3580 17905.0 43624.0
3584 17925.0 43624.0
3588 17945.0 43624.0
3592 17965.0 43624.0
3596 17985.0 43624.0
3600 18005.0 43624.0
3604 18025.0 43624.0
3608 18045.0 43624.0
3612 18065.0 43624.0
3616 18085.0 43624.0
3620 18105.0 43624.0
3624 18125.0 43624.0
3628 18145.0 43624.0
3632 18165.0 43624.0
3636 18185.0 43624.0
3640 18205.0 43624.0
3644 18225.0 43624.0
3648 18245.0 43624.0
3652 18265.0 43624.0
3656 18285.0 43624.0
3660 18305.0 43624.0
3664 18325.0 43624.0
3668 18345.0 43624.0
3672 18365.0 43624.0
3676 18385.0 43624.0
3680 18405.0 43624.0
3684 18425.0 43624.0
3688 18445.0 43624.0
3692 18465.0 43624.0
3696 18485.0 43624.0
3700 18505.0 43624.0
3704 18525.0 43624.0
3708 18545.0 43624.0
3712 18565.0 43624.0
3716 18585.0 43624.0
3720 18605.0 43624.0
3724 18625.0 43624.0
3728 18645.0 43624.0
3732 18665.0 43624.0
3736 18685.0 43624.0
3740 18705.0 43624.0
3744 18725.0 43624.0
3748 18745.0 43624.0
3752 18765.0 43624.0
3756 18785.0 43624.0
3760 18805.0 43624.0
3764 18825.0 43624.0
3768 18845.0 43624.0
3772 18865.0 43624.0
3776 18885.0 43624.0
3780 18905.0 43624.0
3784 18925.0 43624.0
3788 18945.0 43624.0
3792 18965.0 43624.0
3796 18985.0 43624.0
3800 19005.0 43624.0
3804 19025.0 43624.0
3808 19045.0 43624.0
3812 19065.0 43624.0
3816 19085.0 43624.0
3820 19105.0 43624.0
3824 19125.0 43624.0
3828 19145.0 43624.0
3832 19165.0 43624.0
3836 19185.0 43624.0
3840 19205.0 43624.0
3844 19225.0 43624.0
3848 19245.0 43624.0
3852 19265.0 43624.0
3856 19285.0 43624.0
3860 19305.0 43624.0
3864 19325.0 43624.0
3868 19345.0 43624.0
3872 19365.0 43624.0
3876 19385.0 43624.0
3880 19405.0 43624.0
3884 19425.0 43624.0
3888 19445.0 43624.0
3892 19465.0 43624.0
3896 19485.0 43624.0
3900 19505.0 43624.0
3904 19525.0 43624.0
3908 19545.0 43624.0
3912 19565.0 43624.0
3916 19585.0 43624.0
3920 19605.0 43624.0
3924 19625.0 43624.0
3928 19645.0 43624.0
3932 19665.0 43624.0
3936 19685.0 43624.0
3940 19705.0 43624.0
3944 19725.0 43624.0
3948 19745.0 43624.0
3952 19765.0 43624.0
3956 19785.0 43624.0
3960 19805.0 43624.0
3964 19825.0 43624.0
3968 19845.0 43624.0
3972 19865.0 43624.0
3976 19885.0 43624.0
3980 19905.0 43624.0
3984 19925.0 43624.0
3988 19945.0 43624.0
3992 19965.0 43624.0
3996 19985.0 43599.0
4000 20005.0 43599.0
4004 20025.0 43599.0
4008 20045.0 43599.0
4012 20065.0 43599.0
4016 20085.0 43599.0
4020 20105.0 43599.0
4024 20125.0 43599.0
4028 20145.0 43599.0
4032 20165.0 43599.0
4036 20185.0 43599.0
4040 20205.0 43599.0
4044 20225.0 43599.0
4048 20245.0 43599.0
4052 20265.0 43599.0
4056 20285.0 43599.0
4060 20305.0 43599.0
4064 20325.0 43599.0
4068 20345.0 43599.0
4072 20365.0 43599.0
4076 20385.0 43599.0
4080 20405.0 43599.0
4084 20425.0 43599.0
4088 20445.0 43599.0
4092 20465.0 43599.0
4096 20485.0 43599.0
4100 20505.0 43599.0
4104 20525.0 43599.0
4108 20545.0 43599.0
4112 20565.0 43599.0
4116 20585.0 43599.0
4120 20605.0 43599.0
4124 20625.0 43599.0
4128 20645.0 43599.0
4132 20665.0 43599.0
4136 20685.0 43599.0
4140 20705.0 43599.0
4144 20725.0 43599.0
4148 20745.0 43599.0
4152 20765.0 43599.0
4156 20785.0 43599.0
4160 20805.0 43599.0
4164 20825.0 43599.0
4168 20845.0 43599.0
4172 20865.0 43599.0
4176 20885.0 43599.0
4180 20905.0 43599.0
4184 20925.0 43599.0
4188 20945.0 43599.0
4192 20965.0 43599.0
4196 20985.0 43599.0
4200 21005.0 43599.0
4204 21025.0 43599.0
4208 21045.0 43599.0
4212 21065.0 43599.0
4216 21085.0 43599.0
4220 21105.0 43599.0
4224 21125.0 43599.0
4228 21145.0 43599.0
4232 21165.0 43599.0
4236 21185.0 43599.0
4240 21205.0 43599.0
4244 21225.0 43599.0
4248 21245.0 43599.0
4252 21265.0 43599.0
4256 21285.0 43599.0
4260 21305.0 43599.0
4264 21325.0 43599.0
4268 21345.0 43599.0
4272 21365.0 43599.0
4276 21385.0 43599.0
4280 21405.0 43599.0
4284 21425.0 43599.0
4288 21445.0 43599.0
4292 21465.0 43599.0
4296 21485.0 43599.0
4300 21505.0 43599.0
4304 21525.0 43599.0
4308 21545.0 43599.0
4312 21565.0 43599.0
4316 21585.0 43599.0
4320 21605.0 43599.0
4324 21625.0 43599.0
4328 21645.0 43599.0
4332 21665.0 43599.0
4336 21685.0 43599.0
4340 21705.0 43599.0
4344 21725.0 43599.0
4348 21745.0 43599.0
4352 21765.0 43599.0
4356 21785.0 43599.0
4360 21805.0 43599.0
4364 21825.0 43599.0
4368 21845.0 43599.0
4372 21865.0 43599.0
4376 21885.0 43599.0
4380 21905.0 43599.0
4384 21925.0 43599.0
4388 21945.0 43599.0
4392 21965.0 43599.0
4396 21985.0 43599.0
4400 22005.0 43599.0
4404 22025.0 43599.0
4408 22045.0 43599.0
4412 22065.0 43599.0
4416 22085.0 43599.0
4420 22105.0 43599.0
4424 22125.0 43599.0
4428 22145.0 43599.0
4432 22165.0 43599.0
4436 22185.0 43599.0
4440 22205.0 43599.0
4444 22225.0 43599.0
4448 22245.0 43599.0
4452 22265.0 43599.0
4456 22285.0 43599.0
4460 22305.0 43599.0
4464 22325.0 43599.0
4468 22345.0 43599.0
4472 22365.0 43599.0
4476 22385.0 43599.0
4480 22405.0 43599.0
4484 22425.0 43599.0
4488 22445.0 43599.0
4492 22465.0 43599.0
4496 22485.0 43599.0
4500 22505.0 43599.0
4504 22525.0 43599.0
4508 22545.0 43599.0
4512 22565.0 43599.0
4516 22585.0 43599.0
4520 22605.0 43599.0
4524 22625.0 43599.0
4528 22645.0 43599.0
4532 22665.0 43599.0
4536 22685.0 43599.0
4540 22705.0 43599.0
4544 22725.0 43599.0
4548 22745.0 43599.0
4552 22765.0 43599.0
4556 22785.0 43599.0
4560 22805.0 43599.0
4564 22825.0 43599.0
4568 22845.0 43599.0
4572 22865.0 43599.0
4576 22885.0 43599.0
4580 22905.0 43599.0
4584 22925.0 43599.0
4588 22945.0 43599.0
4592 22965.0 43599.0
4596 22985.0 43599.0
4600 23005.0 43599.0
4604 23025.0 43599.0
4608 23045.0 43582.0
4612 23065.0 43529.0
4616 23085.0 43529.0
4620 23105.0 43529.0
4624 23125.0 43529.0
4628 23145.0 43529.0
4632 23165.0 43529.0
4636 23185.0 43529.0
4640 23205.0 43529.0
4644 23225.0 43529.0
4648 23245.0 43529.0
4652 23265.0 43529.0
4656 23285.0 43529.0
4660 23305.0 43529.0
4664 23325.0 43529.0
4668 23345.0 43529.0
4672 23365.0 43529.0
4676 23385.0 43529.0
4680 23405.0 43529.0
4684 23425.0 43529.0
4688 23445.0 43529.0
4692 23465.0 43529.0
4696 23485.0 43529.0
4700 23505.0 43529.0
4704 23525.0 43529.0
4708 23545.0 43529.0
4712 23565.0 43529.0
4716 23585.0 43529.0
4720 23605.0 43529.0
4724 23625.0 43529.0
4728 23645.0 43529.0
4732 23665.0 43529.0
4736 23685.0 43529.0
4740 23705.0 43529.0
4744 23725.0 43529.0
4748 23745.0 43529.0
4752 23765.0 43529.0
4756 23785.0 43529.0
4760 23805.0 43529.0
4764 23825.0 43529.0
4768 23845.0 43529.0
4772 23865.0 43529.0
4776 23885.0 43529.0
4780 23905.0 43529.0
4784 23925.0 43529.0
4788 23945.0 43529.0
4792 23965.0 43529.0
4796 23985.0 43529.0
4800 24005.0 43529.0
4804 24025.0 43529.0
4808 24045.0 43529.0
4812 24065.0 43529.0
4816 24085.0 43529.0
4820 24105.0 43529.0
4824 24125.0 43529.0
4828 24145.0 43529.0
4832 24165.0 43529.0
4836 24185.0 43529.0
4840 24205.0 43529.0
4844 24225.0 43529.0
4848 24245.0 43529.0
4852 24265.0 43529.0
4856 24285.0 43529.0
4860 24305.0 43529.0
4864 24325.0 43529.0
4868 24345.0 43529.0
4872 24365.0 43529.0
4876 24385.0 43529.0
4880 24405.0 43529.0
4884 24425.0 43529.0
4888 24445.0 43529.0
4892 24465.0 43529.0
4896 24485.0 43529.0
4900 24505.0 43529.0
4904 24525.0 43529.0
4908 24545.0 43529.0
4912 24565.0 43529.0
4916 24585.0 43529.0
4920 24605.0 43529.0
4924 24625.0 43529.0
4928 24645.0 43529.0
4932 24665.0 43529.0
4936 24685.0 43529.0
4940 24705.0 43529.0
4944 24725.0 43529.0
4948 24745.0 43529.0
4952 24765.0 43529.0
4956 24785.0 43529.0
4960 24805.0 43529.0
4964 24825.0 43529.0
4968 24845.0 43529.0
4972 24865.0 43529.0
4976 24885.0 43529.0
4980 24905.0 43529.0
4984 24925.0 43529.0
4988 24945.0 43529.0
4992 24965.0 43529.0
4996 24985.0 43529.0
5000 25005.0 43529.0
5004 25025.0 43529.0
5008 25045.0 43529.0
5012 25065.0 43529.0
5016 25085.0 43529.0
5020 25105.0 43529.0
5024 25125.0 43529.0
5028 25145.0 43529.0
5032 25165.0 43529.0
5036 25185.0 43529.0
5040 25205.0 43529.0
5044 25225.0 43529.0
5048 25245.0 43529.0
5052 25265.0 43529.0
5056 25285.0 43529.0
5060 25305.0 43529.0
5064 25325.0 43529.0
5068 25345.0 43529.0
5072 25365.0 43529.0
5076 25385.0 43529.0
5080 25405.0 43529.0
5084 25425.0 43529.0
5088 25445.0 43529.0
5092 25465.0 43529.0
5096 25485.0 43529.0
5100 25505.0 43529.0
5104 25525.0 43529.0
5108 25545.0 43529.0
5112 25565.0 43529.0
5116 25585.0 43529.0
5120 25605.0 43529.0
5124 25625.0 43529.0
5128 25645.0 43529.0
5132 25665.0 43529.0
5136 25685.0 43529.0
5140 25705.0 43529.0
5144 25725.0 43529.0
5148 25745.0 43529.0
5152 25765.0 43529.0
5156 25785.0 43529.0
5160 25805.0 43529.0
5164 25825.0 43529.0
5168 25845.0 43529.0
5172 25865.0 43529.0
5176 25885.0 43529.0
5180 25905.0 43529.0
5184 25925.0 43529.0
5188 25945.0 43529.0
5192 25965.0 43529.0
5196 25985.0 43529.0
5200 26005.0 43529.0
5204 26025.0 43529.0
5208 26045.0 43529.0
5212 26065.0 43529.0
5216 26085.0 43529.0
5220 26105.0 43529.0
5224 26125.0 43529.0
5228 26145.0 43529.0
5232 26165.0 43529.0
5236 26185.0 43529.0
5240 26205.0 43529.0
5244 26225.0 43529.0
5248 26245.0 43529.0
5252 26265.0 43529.0
5256 26285.0 43529.0
5260 26305.0 43529.0
5264 26325.0 43529.0
5268 26345.0 43529.0
5272 26365.0 43529.0
5276 26385.0 43529.0
5280 26405.0 43529.0
5284 26425.0 43529.0
5288 26445.0 43529.0
5292 26465.0 43529.0
5296 26485.0 43529.0
5300 26505.0 43529.0
5304 26525.0 43529.0
5308 26545.0 43529.0
5312 26565.0 43529.0
5316 26585.0 43529.0
5320 26605.0 43529.0
5324 26625.0 43529.0
5328 26645.0 43529.0
5332 26665.0 43529.0
5336 26685.0 43529.0
5340 26705.0 43529.0
5344 26725.0 43529.0
5348 26745.0 43529.0
5352 26765.0 43529.0
5356 26785.0 43529.0
5360 26805.0 43529.0
5364 26825.0 43529.0
5368 26845.0 43529.0
5372 26865.0 43529.0
5376 26885.0 43529.0
5380 26905.0 43529.0
5384 26925.0 43529.0
5388 26945.0 43529.0
5392 26965.0 43529.0
5396 26985.0 43529.0
5400 27005.0 43529.0
5404 27025.0 43529.0
5408 27045.0 43529.0
5412 27065.0 43529.0
5416 27085.0 43529.0
5420 27105.0 43529.0
5424 27125.0 43529.0
5428 27145.0 43529.0
5432 27165.0 43529.0
5436 27185.0 43529.0
5440 27205.0 43529.0
5444 27225.0 43529.0
5448 27245.0 43529.0
5452 27265.0 43529.0
5456 27285.0 43529.0
5460 27305.0 43529.0
5464 27325.0 43529.0
5468 27345.0 43529.0
5472 27365.0 43529.0
5476 27385.0 43529.0
5480 27405.0 43529.0
5484 27425.0 43529.0
5488 27445.0 43529.0
5492 27465.0 43529.0
5496 27485.0 43529.0
5500 27505.0 43529.0
5504 27525.0 43529.0
5508 27545.0 43529.0
5512 27565.0 43529.0
5516 27585.0 43529.0
5520 27605.0 43529.0
5524 27625.0 43529.0
5528 27645.0 43529.0
5532 27665.0 43529.0
5536 27685.0 43529.0
5540 27705.0 43529.0
5544 27725.0 43529.0
5548 27745.0 43529.0
5552 27765.0 43529.0
5556 27785.0 43529.0
5560 27805.0 43529.0
5564 27825.0 43529.0
5568 27845.0 43529.0
5572 27865.0 43529.0
5576 27885.0 43529.0
5580 27905.0 43529.0
5584 27925.0 43529.0
5588 27945.0 43529.0
5592 27965.0 43529.0
5596 27985.0 43529.0
5600 28005.0 43529.0
5604 28025.0 43529.0
5608 28045.0 43529.0
5612 28065.0 43529.0
5616 28085.0 43529.0
5620 28105.0 43529.0
5624 28125.0 43529.0
5628 28145.0 43529.0
5632 28165.0 43529.0
5636 28185.0 43529.0
5640 28205.0 43529.0
5644 28225.0 43529.0
5648 28245.0 43529.0
5652 28265.0 43529.0
5656 28285.0 43529.0
5660 28305.0 43529.0
5664 28325.0 43529.0
5668 28345.0 43529.0
5672 28365.0 43529.0
5676 28385.0 43529.0
5680 28405.0 43529.0
5684 28425.0 43529.0
5688 28445.0 43529.0
5692 28465.0 43529.0
5696 28485.0 43529.0
5700 28505.0 43529.0
5704 28525.0 43529.0
5708 28545.0 43529.0
5712 28565.0 43529.0
5716 28585.0 43529.0
5720 28605.0 43529.0
5724 28625.0 43529.0
5728 28645.0 43529.0
5732 28665.0 43529.0
5736 28685.0 43529.0
5740 28705.0 43529.0
5744 28725.0 43529.0
5748 28745.0 43529.0
5752 28765.0 43529.0
5756 28785.0 43529.0
5760 28805.0 43529.0
5764 28825.0 43529.0
5768 28845.0 43529.0
5772 28865.0 43529.0
5776 28885.0 43529.0
5780 28905.0 43529.0
5784 28925.0 43529.0
5788 28945.0 43529.0
5792 28965.0 43529.0
5796 28985.0 43529.0
5800 29005.0 43529.0
5804 29025.0 43529.0
5808 29045.0 43529.0
5812 29065.0 43529.0
5816 29085.0 43529.0
5820 29105.0 43529.0
5824 29125.0 43529.0
5828 29145.0 43529.0
5832 29165.0 43529.0
5836 29185.0 43529.0
5840 29205.0 43529.0
5844 29225.0 43529.0
5848 29245.0 43529.0
5852 29265.0 43529.0
5856 29285.0 43529.0
5860 29305.0 43529.0
5864 29325.0 43529.0
5868 29345.0 43529.0
5872 29365.0 43529.0
5876 29385.0 43529.0
5880 29405.0 43529.0
5884 29425.0 43529.0
5888 29445.0 43529.0
5892 29465.0 43529.0
5896 29485.0 43529.0
5900 29505.0 43529.0
5904 29525.0 43529.0
5908 29545.0 43529.0
5912 29565.0 43529.0
5916 29585.0 43529.0
5920 29605.0 43529.0
5924 29625.0 43529.0
5928 29645.0 43529.0
5932 29665.0 43529.0
5936 29685.0 43529.0
5940 29705.0 43529.0
5944 29725.0 43529.0
5948 29745.0 43529.0
5952 29765.0 43529.0
5956 29785.0 43529.0
5960 29805.0 43529.0
5964 29825.0 43529.0
5968 29845.0 43529.0
5972 29865.0 43529.0
2 29885.0 43529.0
6 29905.0 43529.0
10 29925.0 43529.0
14 29945.0 43529.0
18 29965.0 43529.0
22 29985.0 43529.0
26 30005.0 43529.0
30 30025.0 43529.0
34 30045.0 43529.0
38 30065.0 43529.0
42 30085.0 43529.0
46 30105.0 43529.0
50 30125.0 43529.0
54 30145.0 43529.0
58 30165.0 43529.0
62 30185.0 43529.0
66 30205.0 43529.0
70 30225.0 43529.0
74 30245.0 43529.0
78 30265.0 43529.0
82 30285.0 43529.0
86 30305.0 43529.0
90 30325.0 43529.0
94 30345.0 43529.0
98 30365.0 43529.0
102 30385.0 43529.0
106 30405.0 43529.0
110 30425.0 43529.0
114 30445.0 43529.0
118 30465.0 43529.0
122 30485.0 43529.0
126 30505.0 43529.0
130 30525.0 43529.0
134 30545.0 43529.0
138 30565.0 43529.0
142 30585.0 43529.0
146 30605.0 43529.0
150 30625.0 43529.0
154 30645.0 43529.0
158 30665.0 43529.0
162 30685.0 43529.0
166 30705.0 43529.0
170 30725.0 43529.0
174 30745.0 43529.0
178 30765.0 43529.0
182 30785.0 43529.0
186 30805.0 43529.0
190 30825.0 43529.0
194 30845.0 43529.0
198 30865.0 43529.0
202 30885.0 43529.0
206 30905.0 43529.0
210 30925.0 43529.0
214 30945.0 43529.0
218 30965.0 43529.0
222 30985.0 43529.0
226 31005.0 43529.0
230 31025.0 43529.0
234 31045.0 43529.0
238 31065.0 43529.0
242 31085.0 43529.0
246 31105.0 43529.0
250 31125.0 43529.0
254 31145.0 43529.0
258 31165.0 43529.0
262 31185.0 43529.0
266 31205.0 43529.0
270 31225.0 43529.0
274 31245.0 43529.0
278 31265.0 43529.0
282 31285.0 43529.0
286 31305.0 43529.0
290 31325.0 43529.0
294 31345.0 43529.0
298 31365.0 43529.0
302 31385.0 43529.0
306 31405.0 43529.0
310 31425.0 43529.0
314 31445.0 43529.0
318 31465.0 43529.0
322 31485.0 43529.0
326 31505.0 43529.0
330 31525.0 43529.0
334 31545.0 43529.0
338 31565.0 43529.0
342 31585.0 43529.0
346 31605.0 43529.0
350 31625.0 43529.0
354 31645.0 43529.0
358 31665.0 43529.0
362 31685.0 43529.0
366 31705.0 43529.0
370 31725.0 43529.0
374 31745.0 43529.0
378 31765.0 43529.0
382 31785.0 43529.0
386 31805.0 43529.0
390 31825.0 43529.0
394 31845.0 43529.0
398 31865.0 43529.0
402 31885.0 43529.0
406 31905.0 43529.0
410 31925.0 43529.0
414 31945.0 43529.0
418 31965.0 43529.0
422 31985.0 43529.0
426 32005.0 43529.0
430 32025.0 43529.0
434 32045.0 43529.0
438 32065.0 43529.0
442 32085.0 43529.0
446 32105.0 43529.0
450 32125.0 43529.0
454 32145.0 43529.0
458 32165.0 43529.0
462 32185.0 43529.0
466 32205.0 43529.0
470 32225.0 43529.0
474 32245.0 43529.0
478 32265.0 43529.0
482 32285.0 43529.0
486 32305.0 43529.0
490 32325.0 43529.0
494 32345.0 43529.0
498 32365.0 43529.0
502 32385.0 43529.0
506 32405.0 43529.0
510 32425.0 43529.0
514 32445.0 43529.0
518 32465.0 43529.0
522 32485.0 43529.0
526 32505.0 43529.0
530 32525.0 43529.0
534 32545.0 43529.0
538 32565.0 43529.0
542 32585.0 43529.0
546 32605.0 43529.0
550 32625.0 43529.0
554 32645.0 43529.0
558 32665.0 43529.0
562 32685.0 43529.0
566 32705.0 43529.0
570 32725.0 43529.0
574 32745.0 43529.0
578 32765.0 43529.0
582 32785.0 43529.0
586 32805.0 43529.0
590 32825.0 43529.0
594 32845.0 43529.0
598 32865.0 43529.0
602 32885.0 43529.0
606 32905.0 43529.0
610 32925.0 43529.0
614 32945.0 43529.0
618 32965.0 43529.0
622 32985.0 43529.0
626 33005.0 43529.0
630 33025.0 43529.0
634 33045.0 43529.0
638 33065.0 43529.0
642 33085.0 43529.0
646 33105.0 43529.0
650 33125.0 43529.0
654 33145.0 43529.0
658 33165.0 43529.0
662 33185.0 43529.0
666 33205.0 43529.0
670 33225.0 43529.0
674 33245.0 43529.0
678 33265.0 43529.0
682 33285.0 43529.0
686 33305.0 43529.0
690 33325.0 43529.0
694 33345.0 43529.0
698 33365.0 43529.0
702 33385.0 43529.0
706 33405.0 43529.0
710 33425.0 43529.0
714 33445.0 43529.0
718 33465.0 43529.0
722 33485.0 43529.0
726 33505.0 43529.0
730 33525.0 43529.0
734 33545.0 43529.0
738 33565.0 43529.0
742 33585.0 43529.0
746 33605.0 43529.0
750 33625.0 43529.0
754 33645.0 43529.0
758 33665.0 43529.0
762 33685.0 43529.0
766 33705.0 43529.0
770 33725.0 43529.0
774 33745.0 43529.0
778 33765.0 43529.0
782 33785.0 43529.0
786 33805.0 43529.0
790 33825.0 43529.0
794 33845.0 43529.0
798 33865.0 43529.0
802 33885.0 43529.0
806 33905.0 43529.0
810 33925.0 43529.0
814 33945.0 43529.0
818 33965.0 43529.0
822 33985.0 43529.0
826 34005.0 43529.0
830 34025.0 43529.0
834 34045.0 43529.0
838 34065.0 43529.0
842 34085.0 43529.0
846 34105.0 43529.0
850 34125.0 43529.0
854 34145.0 43529.0
858 34165.0 43529.0
862 34185.0 43529.0
866 34205.0 43529.0
870 34225.0 43529.0
874 34245.0 43529.0
878 34265.0 43529.0
882 34285.0 43529.0
886 34305.0 43529.0
890 34325.0 43529.0
894 34345.0 43529.0
898 34365.0 43529.0
902 34385.0 43529.0
906 34405.0 43529.0
910 34425.0 43529.0
914 34445.0 43529.0
918 34465.0 43529.0
922 34485.0 43529.0
926 34505.0 43529.0
930 34525.0 43529.0
934 34545.0 43529.0
938 34565.0 43529.0
942 34585.0 43529.0
946 34605.0 43529.0
950 34625.0 43529.0
954 34645.0 43529.0
958 34665.0 43529.0
962 34685.0 43529.0
966 34705.0 43529.0
970 34725.0 43529.0
974 34745.0 43529.0
978 34765.0 43529.0
982 34785.0 43529.0
986 34805.0 43529.0
990 34825.0 43529.0
994 34845.0 43529.0
998 34865.0 43529.0
1002 34885.0 43529.0
1006 34905.0 43529.0
1010 34925.0 43529.0
1014 34945.0 43529.0
1018 34965.0 43529.0
1022 34985.0 43529.0
1026 35005.0 43529.0
1030 35025.0 43529.0
1034 35045.0 43529.0
1038 35065.0 43529.0
1042 35085.0 43529.0
1046 35105.0 43529.0
1050 35125.0 43529.0
1054 35145.0 43529.0
1058 35165.0 43529.0
1062 35185.0 43529.0
1066 35205.0 43529.0
1070 35225.0 43529.0
1074 35245.0 43529.0
1078 35265.0 43529.0
1082 35285.0 43529.0
1086 35305.0 43529.0
1090 35325.0 43529.0
1094 35345.0 43529.0
1098 35365.0 43529.0
1102 35385.0 43529.0
1106 35405.0 43529.0
1110 35425.0 43529.0
1114 35445.0 43529.0
1118 35465.0 43529.0
1122 35485.0 43529.0
1126 35505.0 43529.0
1130 35525.0 43529.0
1134 35545.0 43529.0
1138 35565.0 43529.0
1142 35585.0 43529.0
1146 35605.0 43529.0
1150 35625.0 43529.0
1154 35645.0 43529.0
1158 35665.0 43529.0
1162 35685.0 43529.0
1166 35705.0 43529.0
1170 35725.0 43529.0
1174 35745.0 43529.0
1178 35765.0 43529.0
1182 35785.0 43529.0
1186 35805.0 43529.0
1190 35825.0 43529.0
1194 35845.0 43529.0
1198 35865.0 43529.0
1202 35885.0 43529.0
1206 35905.0 43529.0
1210 35925.0 43529.0
1214 35945.0 43529.0
1218 35965.0 43529.0
1222 35985.0 43529.0
1226 36005.0 43529.0
1230 36025.0 43529.0
1234 36045.0 43529.0
1238 36065.0 43529.0
1242 36085.0 43529.0
1246 36105.0 43529.0
1250 36125.0 43529.0
1254 36145.0 43529.0
1258 36165.0 43529.0
1262 36185.0 43529.0
1266 36205.0 43529.0
1270 36225.0 43529.0
1274 36245.0 43529.0
1278 36265.0 43529.0
1282 36285.0 43529.0
1286 36305.0 43529.0
1290 36325.0 43529.0
1294 36345.0 43529.0
1298 36365.0 43529.0
1302 36385.0 43529.0
1306 36405.0 43529.0
1310 36425.0 43529.0
1314 36445.0 43529.0
1318 36465.0 43529.0
1322 36485.0 43529.0
1326 36505.0 43529.0
1330 36525.0 43529.0
1334 36545.0 43529.0
1338 36565.0 43529.0
1342 36585.0 43529.0
1346 36605.0 43529.0
1350 36625.0 43529.0
1354 36645.0 43529.0
1358 36665.0 43529.0
1362 36685.0 43529.0
1366 36705.0 43529.0
1370 36725.0 43529.0
1374 36745.0 43529.0
1378 36765.0 43529.0
1382 36785.0 43529.0
1386 36805.0 43529.0
1390 36825.0 43529.0
1394 36845.0 43529.0
1398 36865.0 43529.0
1402 36885.0 43529.0
1406 36905.0 43529.0
1410 36925.0 43529.0
1414 36945.0 43529.0
1418 36965.0 43529.0
1422 36985.0 43529.0
1426 37005.0 43529.0
1430 37025.0 43529.0
1434 37045.0 43529.0
1438 37065.0 43529.0
1442 37085.0 43529.0
1446 37105.0 43529.0
1450 37125.0 43529.0
1454 37145.0 43529.0
1458 37165.0 43529.0
1462 37185.0 43529.0
1466 37205.0 43529.0
1470 37225.0 43529.0
1474 37245.0 43529.0
1478 37265.0 43529.0
1482 37285.0 43529.0
1486 37305.0 43529.0
1490 37325.0 43529.0
1494 37345.0 43529.0
1498 37365.0 43529.0
1502 37385.0 43529.0
1506 37405.0 43529.0
1510 37425.0 43529.0
1514 37445.0 43529.0
1518 37465.0 43529.0
1522 37485.0 43529.0
1526 37505.0 43529.0
1530 37525.0 43529.0
1534 37545.0 43529.0
1538 37565.0 43529.0
1542 37585.0 43529.0
1546 37605.0 43529.0
1550 37625.0 43529.0
1554 37645.0 43529.0
1558 37665.0 43529.0
1562 37685.0 43529.0
1566 37705.0 43529.0
1570 37725.0 43529.0
1574 37745.0 43529.0
1578 37765.0 43529.0
1582 37785.0 43529.0
1586 37805.0 43529.0
1590 37825.0 43529.0
1594 37845.0 43529.0
1598 37865.0 43529.0
1602 37885.0 43529.0
1606 37905.0 43529.0
1610 37925.0 43529.0
1614 37945.0 43529.0
1618 37965.0 43529.0
1622 37985.0 43529.0
1626 38005.0 43529.0
1630 38025.0 43529.0
1634 38045.0 43529.0
1638 38065.0 43529.0
1642 38085.0 43529.0
1646 38105.0 43529.0
1650 38125.0 43529.0
1654 38145.0 43529.0
1658 38165.0 43529.0
1662 38185.0 43529.0
1666 38205.0 43529.0
1670 38225.0 43529.0
1674 38245.0 43529.0
1678 38265.0 43529.0
1682 38285.0 43529.0
1686 38305.0 43529.0
1690 38325.0 43529.0
1694 38345.0 43529.0
1698 38365.0 43529.0
1702 38385.0 43529.0
1706 38405.0 43529.0
1710 38425.0 43529.0
1714 38445.0 43529.0
1718 38465.0 43529.0
1722 38485.0 43529.0
1726 38505.0 43529.0
1730 38525.0 43529.0
1734 38545.0 43529.0
1738 38565.0 43529.0
1742 38585.0 43529.0
1746 38605.0 43529.0
1750 38625.0 43529.0
1754 38645.0 43529.0
1758 38665.0 43529.0
1762 38685.0 43529.0
1766 38705.0 43529.0
1770 38725.0 43529.0
1774 38745.0 43529.0
1778 38765.0 43529.0
1782 38785.0 43529.0
1786 38805.0 43529.0
1790 38825.0 43529.0
1794 38845.0 43529.0
1798 38865.0 43529.0
1802 38885.0 43529.0
1806 38905.0 43529.0
1810 38925.0 43529.0
1814 38945.0 43529.0
1818 38965.0 43529.0
1822 38985.0 43529.0
1826 39005.0 43529.0
1830 39025.0 43529.0
1834 39045.0 43529.0
1838 39065.0 43529.0
1842 39085.0 43529.0
1846 39105.0 43529.0
1850 39125.0 43529.0
1854 39145.0 43529.0
1858 39165.0 43529.0
1862 39185.0 43529.0
1866 39205.0 43529.0
1870 39225.0 43529.0
1874 39245.0 43529.0
1878 39265.0 43529.0
1882 39285.0 43529.0
1886 39305.0 43529.0
1890 39325.0 43529.0
1894 39345.0 43529.0
1898 39365.0 43529.0
1902 39385.0 43529.0
1906 39405.0 43529.0
1910 39425.0 43529.0
1914 39445.0 43529.0
1918 39465.0 43529.0
1922 39485.0 43529.0
1926 39505.0 43529.0
1930 39525.0 43529.0
1934 39545.0 43529.0
1938 39565.0 43529.0
1942 39585.0 43529.0
1946 39605.0 43529.0
1950 39625.0 43529.0
1954 39645.0 43529.0
1958 39665.0 43529.0
1962 39685.0 43529.0
1966 39705.0 43529.0
1970 39725.0 43529.0
1974 39745.0 43529.0
1978 39765.0 43529.0
1982 39785.0 43529.0
1986 39805.0 43529.0
1990 39825.0 43529.0
1994 39845.0 43529.0
1998 39865.0 43529.0
2002 39885.0 43529.0
2006 39905.0 43529.0
2010 39925.0 43529.0
2014 39945.0 43529.0
2018 39965.0 43529.0
2022 39985.0 43529.0
2026 40005.0 43529.0
2030 40025.0 43529.0
2034 40045.0 43529.0
2038 40065.0 43529.0
2042 40085.0 43529.0
2046 40105.0 43529.0
2050 40125.0 43529.0
2054 40145.0 43529.0
2058 40165.0 43529.0
2062 40185.0 43529.0
2066 40205.0 43529.0
2070 40225.0 43529.0
2074 40245.0 43529.0
2078 40265.0 43529.0
2082 40285.0 43529.0
2086 40305.0 43529.0
2090 40325.0 43529.0
2094 40345.0 43529.0
2098 40365.0 43529.0
2102 40385.0 43529.0
2106 40405.0 43529.0
2110 40425.0 43529.0
2114 40445.0 43529.0
2118 40465.0 43529.0
2122 40485.0 43529.0
2126 40505.0 43529.0
2130 40525.0 43529.0
2134 40545.0 43529.0
2138 40565.0 43529.0
2142 40585.0 43529.0
2146 40605.0 43529.0
2150 40625.0 43529.0
2154 40645.0 43529.0
2158 40665.0 43529.0
2162 40685.0 43529.0
2166 40705.0 43529.0
2170 40725.0 43529.0
2174 40745.0 43529.0
2178 40765.0 43529.0
2182 40785.0 43529.0
2186 40805.0 43529.0
2190 40825.0 43529.0
2194 40845.0 43529.0
2198 40865.0 43529.0
2202 40885.0 43529.0
2206 40905.0 43529.0
2210 40925.0 43529.0
2214 40945.0 43529.0
2218 40965.0 43529.0
2222 40985.0 43529.0
2226 41005.0 43529.0
2230 41025.0 43529.0
2234 41045.0 43529.0
2238 41065.0 43529.0
2242 41085.0 43529.0
2246 41105.0 43529.0
2250 41125.0 43529.0
2254 41145.0 43529.0
2258 41165.0 43529.0
2262 41185.0 43529.0
2266 41205.0 43529.0
2270 41225.0 43529.0
2274 41245.0 43529.0
2278 41265.0 43529.0
2282 41285.0 43529.0
2286 41305.0 43529.0
2290 41325.0 43529.0
2294 41345.0 43529.0
2298 41365.0 43529.0
2302 41385.0 43529.0
2306 41405.0 43529.0
2310 41425.0 43529.0
2314 41445.0 43529.0
2318 41465.0 43529.0
2322 41485.0 43529.0
2326 41505.0 43529.0
2330 41525.0 43529.0
2334 41545.0 43529.0
2338 41565.0 43529.0
2342 41585.0 43529.0
2346 41605.0 43529.0
2350 41625.0 43529.0
2354 41645.0 43529.0
2358 41665.0 43529.0
2362 41685.0 43529.0
2366 41705.0 43529.0
2370 41725.0 43529.0
2374 41745.0 43529.0
2378 41765.0 43529.0
2382 41785.0 43529.0
2386 41805.0 43529.0
2390 41825.0 43529.0
2394 41845.0 43529.0
2398 41865.0 43529.0
2402 41885.0 43529.0
2406 41905.0 43529.0
2410 41925.0 43529.0
2414 41945.0 43529.0
2418 41965.0 43529.0
2422 41985.0 43529.0
2426 42005.0 43529.0
2430 42025.0 43529.0
2434 42045.0 43529.0
2438 42065.0 43529.0
2442 42085.0 43529.0
2446 42105.0 43529.0
2450 42125.0 43529.0
2454 42145.0 43529.0
2458 42165.0 43529.0
2462 42185.0 43529.0
2466 42205.0 43529.0
2470 42225.0 43529.0
2474 42245.0 43529.0
2478 42265.0 43529.0
2482 42285.0 43529.0
2486 42305.0 43529.0
2490 42325.0 43529.0
2494 42345.0 43529.0
2498 42365.0 43529.0
2502 42385.0 43529.0
2506 42405.0 43529.0
2510 42425.0 43529.0
2514 42445.0 43529.0
2518 42465.0 43529.0
2522 42485.0 43529.0
2526 42505.0 43529.0
2530 42525.0 43529.0
2534 42545.0 43529.0
2538 42565.0 43529.0
2542 42585.0 43529.0
2546 42605.0 43529.0
2550 42625.0 43529.0
2554 42645.0 43529.0
2558 42665.0 43529.0
2562 42685.0 43529.0
2566 42705.0 43529.0
2570 42725.0 43529.0
2574 42745.0 43529.0
2578 42765.0 43529.0
2582 42785.0 43529.0
2586 42805.0 43529.0
2590 42825.0 43529.0
2594 42845.0 43529.0
2598 42865.0 43529.0
2602 42885.0 43529.0
2606 42905.0 43529.0
2610 42925.0 43529.0
2614 42945.0 43529.0
2618 42965.0 43529.0
2622 42985.0 43529.0
2626 43005.0 43529.0
2630 43025.0 43529.0
2634 43045.0 43529.0
2638 43065.0 43529.0
2642 43085.0 43529.0
2646 43105.0 43529.0
2650 43125.0 43529.0
2654 43145.0 43529.0
2658 43165.0 43529.0
2662 43185.0 43529.0
2666 43205.0 43529.0
2670 43225.0 43529.0
2674 43245.0 43529.0
2678 43265.0 43529.0
2682 43285.0 43529.0
2686 43305.0 43529.0
2690 43325.0 43529.0
2694 43345.0 43529.0
2698 43365.0 43529.0
2702 43385.0 43529.0
2706 43405.0 43529.0
2710 43425.0 43529.0
2714 43445.0 43529.0
2718 43465.0 43529.0
2722 43485.0 43529.0
2726 43505.0 43529.0
2730 43525.0 43529.0
2734 43545.0 43529.0
2738 43565.0 43529.0
2742 43585.0 43529.0
2746 43605.0 43529.0
2750 43625.0 43529.0
2754 43645.0 43529.0
2758 43665.0 43529.0
2762 43685.0 43529.0
2766 43705.0 43529.0
2770 43725.0 43529.0
2774 43745.0 43529.0
2778 43765.0 43529.0
2782 43785.0 43529.0
2786 43805.0 43529.0
2790 43825.0 43529.0
2794 43845.0 43529.0
2798 43865.0 43529.0
2802 43885.0 43529.0
2806 43905.0 43529.0
2810 43925.0 43529.0
2814 43945.0 43529.0
2818 43965.0 43529.0
2822 43985.0 43529.0
2826 44005.0 43529.0
2830 44025.0 43529.0
2834 44045.0 43529.0
2838 44065.0 43529.0
2842 44085.0 43529.0
2846 44105.0 43529.0
2850 44125.0 43529.0
2854 44145.0 43529.0
2858 44165.0 43529.0
2862 44185.0 43529.0
2866 44205.0 43529.0
2870 44225.0 43529.0
2874 44245.0 43529.0
2878 44265.0 43529.0
2882 44285.0 43529.0
2886 44305.0 43529.0
2890 44325.0 43529.0
2894 44345.0 43529.0
2898 44365.0 43529.0
2902 44385.0 43529.0
2906 44405.0 43529.0
2910 44425.0 43529.0
2914 44445.0 43529.0
2918 44465.0 43529.0
2922 44485.0 43529.0
2926 44505.0 43529.0
2930 44525.0 43529.0
2934 44545.0 43529.0
2938 44565.0 43529.0
2942 44585.0 43529.0
2946 44605.0 43529.0
2950 44625.0 43529.0
2954 44645.0 43529.0
2958 44665.0 43529.0
2962 44685.0 43529.0
2966 44705.0 43529.0
2970 44725.0 43529.0
2974 44745.0 43529.0
2978 44765.0 43529.0
2982 44785.0 43529.0
2986 44805.0 43529.0
2990 44825.0 43529.0
2994 44845.0 43529.0
2998 44865.0 43529.0
3002 44885.0 43529.0
3006 44905.0 43529.0
3010 44925.0 43529.0
3014 44945.0 43529.0
3018 44965.0 43529.0
3022 44985.0 43529.0
3026 45005.0 43529.0
3030 45025.0 43529.0
3034 45045.0 43529.0
3038 45065.0 43529.0
3042 45085.0 43529.0
3046 45105.0 43529.0
3050 45125.0 43529.0
3054 45145.0 43529.0
3058 45165.0 43529.0
3062 45185.0 43529.0
3066 45205.0 43529.0
3070 45225.0 43529.0
3074 45245.0 43529.0
3078 45265.0 43529.0
3082 45285.0 43529.0
3086 45305.0 43529.0
3090 45325.0 43529.0
3094 45345.0 43529.0
3098 45365.0 43529.0
3102 45385.0 43529.0
3106 45405.0 43529.0
3110 45425.0 43529.0
3114 45445.0 43529.0
3118 45465.0 43529.0
3122 45485.0 43529.0
3126 45505.0 43529.0
3130 45525.0 43529.0
3134 45545.0 43529.0
3138 45565.0 43529.0
3142 45585.0 43529.0
3146 45605.0 43529.0
3150 45625.0 43529.0
3154 45645.0 43529.0
3158 45665.0 43529.0
3162 45685.0 43529.0
3166 45705.0 43529.0
3170 45725.0 43529.0
3174 45745.0 43529.0
3178 45765.0 43529.0
3182 45785.0 43529.0
3186 45805.0 43529.0
3190 45825.0 43529.0
3194 45845.0 43529.0
3198 45865.0 43529.0
3202 45885.0 43529.0
3206 45905.0 43529.0
3210 45925.0 43529.0
3214 45945.0 43529.0
3218 45965.0 43529.0
3222 45985.0 43529.0
3226 46005.0 43529.0
3230 46025.0 43529.0
3234 46045.0 43529.0
3238 46065.0 43529.0
3242 46085.0 43529.0
3246 46105.0 43529.0
3250 46125.0 43529.0
3254 46145.0 43529.0
3258 46165.0 43529.0
3262 46185.0 43529.0
3266 46205.0 43529.0
3270 46225.0 43529.0
3274 46245.0 43529.0
3278 46265.0 43529.0
3282 46285.0 43529.0
3286 46305.0 43529.0
3290 46325.0 43529.0
3294 46345.0 43529.0
3298 46365.0 43529.0
3302 46385.0 43529.0
3306 46405.0 43529.0
3310 46425.0 43529.0
3314 46445.0 43529.0
3318 46465.0 43529.0
3322 46485.0 43529.0
3326 46505.0 43529.0
3330 46525.0 43529.0
3334 46545.0 43529.0
3338 46565.0 43529.0
3342 46585.0 43529.0
3346 46605.0 43529.0
3350 46625.0 43529.0
3354 46645.0 43529.0
3358 46665.0 43529.0
3362 46685.0 43529.0
3366 46705.0 43529.0
3370 46725.0 43529.0
3374 46745.0 43529.0
3378 46765.0 43529.0
3382 46785.0 43529.0
3386 46805.0 43529.0
3390 46825.0 43529.0
3394 46845.0 43529.0
3398 46865.0 43529.0
3402 46885.0 43529.0
3406 46905.0 43529.0
3410 46925.0 43529.0
3414 46945.0 43529.0
3418 46965.0 43529.0
3422 46985.0 43529.0
3426 47005.0 43529.0
3430 47025.0 43529.0
3434 47045.0 43529.0
3438 47065.0 43529.0
3442 47085.0 43529.0
3446 47105.0 43529.0
3450 47125.0 43529.0
3454 47145.0 43529.0
3458 47165.0 43529.0
3462 47185.0 43529.0
3466 47205.0 43529.0
3470 47225.0 43529.0
3474 47245.0 43529.0
3478 47265.0 43529.0
3482 47285.0 43529.0
3486 47305.0 43529.0
3490 47325.0 43529.0
3494 47345.0 43529.0
3498 47365.0 43529.0
3502 47385.0 43529.0
3506 47405.0 43529.0
3510 47425.0 43529.0
3514 47445.0 43529.0
3518 47465.0 43529.0
3522 47485.0 43529.0
3526 47505.0 43529.0
3530 47525.0 43529.0
3534 47545.0 43529.0
3538 47565.0 43529.0
3542 47585.0 43529.0
3546 47605.0 43529.0
3550 47625.0 43529.0
3554 47645.0 43529.0
3558 47665.0 43529.0
3562 47685.0 43529.0
3566 47705.0 43529.0
3570 47725.0 43529.0
3574 47745.0 43529.0
3578 47765.0 43529.0
3582 47785.0 43529.0
3586 47805.0 43529.0
3590 47825.0 43529.0
3594 47845.0 43529.0
3598 47865.0 43529.0
3602 47885.0 43529.0
3606 47905.0 43529.0
3610 47925.0 43529.0
3614 47945.0 43529.0
3618 47965.0 43529.0
3622 47985.0 43529.0
3626 48005.0 43529.0
3630 48025.0 43529.0
3634 48045.0 43529.0
3638 48065.0 43529.0
3642 48085.0 43529.0
3646 48105.0 43529.0
3650 48125.0 43529.0
3654 48145.0 43529.0
3658 48165.0 43529.0
3662 48185.0 43529.0
3666 48205.0 43529.0
3670 48225.0 43529.0
3674 48245.0 43529.0
3678 48265.0 43529.0
3682 48285.0 43529.0
3686 48305.0 43529.0
3690 48325.0 43529.0
3694 48345.0 43529.0
3698 48365.0 43529.0
3702 48385.0 43529.0
3706 48405.0 43529.0
3710 48425.0 43529.0
3714 48445.0 43529.0
3718 48465.0 43529.0
3722 48485.0 43529.0
3726 48505.0 43529.0
3730 48525.0 43529.0
3734 48545.0 43529.0
3738 48565.0 43529.0
3742 48585.0 43529.0
3746 48605.0 43529.0
3750 48625.0 43529.0
3754 48645.0 43529.0
3758 48665.0 43529.0
3762 48685.0 43529.0
3766 48705.0 43529.0
3770 48725.0 43529.0
3774 48745.0 43529.0
3778 48765.0 43529.0
3782 48785.0 43529.0
3786 48805.0 43529.0
3790 48825.0 43529.0
3794 48845.0 43529.0
3798 48865.0 43529.0
3802 48885.0 43529.0
3806 48905.0 43529.0
3810 48925.0 43529.0
3814 48945.0 43529.0
3818 48965.0 43529.0
3822 48985.0 43529.0
3826 49005.0 43529.0
3830 49025.0 43529.0
3834 49045.0 43529.0
3838 49065.0 43529.0
3842 49085.0 43529.0
3846 49105.0 43529.0
3850 49125.0 43529.0
3854 49145.0 43529.0
3858 49165.0 43529.0
3862 49185.0 43529.0
3866 49205.0 43529.0
3870 49225.0 43529.0
3874 49245.0 43529.0
3878 49265.0 43529.0
3882 49285.0 43529.0
3886 49305.0 43529.0
3890 49325.0 43529.0
3894 49345.0 43529.0
3898 49365.0 43529.0
3902 49385.0 43529.0
3906 49405.0 43529.0
3910 49425.0 43529.0
3914 49445.0 43529.0
3918 49465.0 43529.0
3922 49485.0 43529.0
3926 49505.0 43529.0
3930 49525.0 43529.0
3934 49545.0 43529.0
3938 49565.0 43529.0
3942 49585.0 43529.0
3946 49605.0 43529.0
3950 49625.0 43529.0
3954 49645.0 43529.0
3958 49665.0 43529.0
3962 49685.0 43529.0
3966 49705.0 43529.0
3970 49725.0 43529.0
3974 49745.0 43529.0
3978 49765.0 43529.0
3982 49785.0 43529.0
3986 49805.0 43529.0
3990 49825.0 43529.0
3994 49845.0 43529.0
3998 49865.0 43529.0
4002 49885.0 43529.0
4006 49905.0 43529.0
4010 49925.0 43529.0
4014 49945.0 43529.0
4018 49965.0 43529.0
4022 49985.0 43529.0
4026 50005.0 43529.0
4030 50025.0 43529.0
4034 50045.0 43529.0
4038 50065.0 43529.0
4042 50085.0 43529.0
4046 50105.0 43529.0
4050 50125.0 43529.0
4054 50145.0 43529.0
4058 50165.0 43529.0
4062 50185.0 43529.0
4066 50205.0 43529.0
4070 50225.0 43529.0
4074 50245.0 43529.0
4078 50265.0 43529.0
4082 50285.0 43529.0
4086 50305.0 43529.0
4090 50325.0 43529.0
4094 50345.0 43529.0
4098 50365.0 43529.0
4102 50385.0 43529.0
4106 50405.0 43529.0
4110 50425.0 43529.0
4114 50445.0 43529.0
4118 50465.0 43529.0
4122 50485.0 43529.0
4126 50505.0 43529.0
4130 50525.0 43529.0
4134 50545.0 43529.0
4138 50565.0 43529.0
4142 50585.0 43529.0
4146 50605.0 43529.0
4150 50625.0 43529.0
4154 50645.0 43529.0
4158 50665.0 43529.0
4162 50685.0 43529.0
4166 50705.0 43529.0
4170 50725.0 43529.0
4174 50745.0 43529.0
4178 50765.0 43529.0
4182 50785.0 43529.0
4186 50805.0 43529.0
4190 50825.0 43529.0
4194 50845.0 43529.0
4198 50865.0 43529.0
4202 50885.0 43529.0
4206 50905.0 43529.0
4210 50925.0 43529.0
4214 50945.0 43529.0
4218 50965.0 43529.0
4222 50985.0 43529.0
4226 51005.0 43529.0
4230 51025.0 43529.0
4234 51045.0 43529.0
4238 51065.0 43529.0
4242 51085.0 43529.0
4246 51105.0 43529.0
4250 51125.0 43529.0
4254 51145.0 43529.0
4258 51165.0 43529.0
4262 51185.0 43529.0
4266 51205.0 43529.0
4270 51225.0 43529.0
4274 51245.0 43529.0
4278 51265.0 43529.0
4282 51285.0 43529.0
4286 51305.0 43529.0
4290 51325.0 43529.0
4294 51345.0 43529.0
4298 51365.0 43529.0
4302 51385.0 43529.0
4306 51405.0 43529.0
4310 51425.0 43529.0
4314 51445.0 43529.0
4318 51465.0 43529.0
4322 51485.0 43529.0
4326 51505.0 43529.0
4330 51525.0 43529.0
4334 51545.0 43529.0
4338 51565.0 43529.0
4342 51585.0 43529.0
4346 51605.0 43529.0
4350 51625.0 43529.0
4354 51645.0 43529.0
4358 51665.0 43529.0
4362 51685.0 43529.0
4366 51705.0 43529.0
4370 51725.0 43529.0
4374 51745.0 43529.0
4378 51765.0 43529.0
4382 51785.0 43529.0
4386 51805.0 43529.0
4390 51825.0 43529.0
4394 51845.0 43529.0
4398 51865.0 43529.0
4402 51885.0 43529.0
4406 51905.0 43529.0
4410 51925.0 43529.0
4414 51945.0 43529.0
4418 51965.0 43529.0
4422 51985.0 43529.0
4426 52005.0 43529.0
4430 52025.0 43529.0
4434 52045.0 43529.0
4438 52065.0 43529.0
4442 52085.0 43529.0
4446 52105.0 43529.0
4450 52125.0 43529.0
4454 52145.0 43529.0
4458 52165.0 43529.0
4462 52185.0 43529.0
4466 52205.0 43529.0
4470 52225.0 43529.0
4474 52245.0 43529.0
4478 52265.0 43529.0
4482 52285.0 43529.0
4486 52305.0 43529.0
4490 52325.0 43529.0
4494 52345.0 43529.0
4498 52365.0 43529.0
4502 52385.0 43529.0
4506 52405.0 43529.0
4510 52425.0 43529.0
4514 52445.0 43529.0
4518 52465.0 43529.0
4522 52485.0 43529.0
4526 52505.0 43529.0
4530 52525.0 43529.0
4534 52545.0 43529.0
4538 52565.0 43529.0
4542 52585.0 43529.0
4546 52605.0 43529.0
4550 52625.0 43529.0
4554 52645.0 43529.0
4558 52665.0 43529.0
4562 52685.0 43529.0
4566 52705.0 43529.0
4570 52725.0 43529.0
4574 52745.0 43529.0
4578 52765.0 43529.0
4582 52785.0 43529.0
4586 52805.0 43529.0
4590 52825.0 43529.0
4594 52845.0 43529.0
4598 52865.0 43529.0
4602 52885.0 43529.0
4606 52905.0 43529.0
4610 52925.0 43529.0
4614 52945.0 43529.0
4618 52965.0 43529.0
4622 52985.0 43529.0
4626 53005.0 43529.0
4630 53025.0 43529.0
4634 53045.0 43529.0
4638 53065.0 43529.0
4642 53085.0 43529.0
4646 53105.0 43529.0
4650 53125.0 43529.0
4654 53145.0 43529.0
4658 53165.0 43529.0
4662 53185.0 43529.0
4666 53205.0 43529.0
4670 53225.0 43529.0
4674 53245.0 43529.0
4678 53265.0 43529.0
4682 53285.0 43529.0
4686 53305.0 43529.0
4690 53325.0 43529.0
4694 53345.0 43529.0
4698 53365.0 43529.0
4702 53385.0 43529.0
4706 53405.0 43529.0
4710 53425.0 43529.0
4714 53445.0 43529.0
4718 53465.0 43529.0
4722 53485.0 43529.0
4726 53505.0 43529.0
4730 53525.0 43529.0
4734 53545.0 43529.0
4738 53565.0 43529.0
4742 53585.0 43529.0
4746 53605.0 43529.0
4750 53625.0 43529.0
4754 53645.0 43529.0
4758 53665.0 43529.0
4762 53685.0 43529.0
4766 53705.0 43529.0
4770 53725.0 43529.0
4774 53745.0 43529.0
4778 53765.0 43529.0
4782 53785.0 43529.0
4786 53805.0 43529.0
4790 53825.0 43529.0
4794 53845.0 43529.0
4798 53865.0 43529.0
4802 53885.0 43529.0
4806 53905.0 43529.0
4810 53925.0 43529.0
4814 53945.0 43529.0
4818 53965.0 43529.0
4822 53985.0 43529.0
4826 54005.0 43529.0
4830 54025.0 43529.0
4834 54045.0 43529.0
4838 54065.0 43529.0
4842 54085.0 43529.0
4846 54105.0 43529.0
4850 54125.0 43529.0
4854 54145.0 43529.0
4858 54165.0 43529.0
4862 54185.0 43529.0
4866 54205.0 43529.0
4870 54225.0 43529.0
4874 54245.0 43529.0
4878 54265.0 43529.0
4882 54285.0 43529.0
4886 54305.0 43529.0
4890 54325.0 43529.0
4894 54345.0 43529.0
4898 54365.0 43529.0
4902 54385.0 43529.0
4906 54405.0 43529.0
4910 54425.0 43529.0
4914 54445.0 43529.0
4918 54465.0 43529.0
4922 54485.0 43529.0
4926 54505.0 43529.0
4930 54525.0 43529.0
4934 54545.0 43529.0
4938 54565.0 43529.0
4942 54585.0 43529.0
4946 54605.0 43529.0
4950 54625.0 43529.0
4954 54645.0 43529.0
4958 54665.0 43529.0
4962 54685.0 43529.0
4966 54705.0 43529.0
4970 54725.0 43529.0
4974 54745.0 43529.0
4978 54765.0 43529.0
4982 54785.0 43529.0
4986 54805.0 43529.0
4990 54825.0 43529.0
4994 54845.0 43529.0
4998 54865.0 43529.0
5002 54885.0 43529.0
5006 54905.0 43529.0
5010 54925.0 43529.0
5014 54945.0 43529.0
5018 54965.0 43529.0
5022 54985.0 43529.0
5026 55005.0 43529.0
5030 55025.0 43529.0
5034 55045.0 43529.0
5038 55065.0 43529.0
5042 55085.0 43529.0
5046 55105.0 43529.0
5050 55125.0 43529.0
5054 55145.0 43529.0
5058 55165.0 43529.0
5062 55185.0 43529.0
5066 55205.0 43529.0
5070 55225.0 43529.0
5074 55245.0 43529.0
5078 55265.0 43529.0
5082 55285.0 43529.0
5086 55305.0 43529.0
5090 55325.0 43529.0
5094 55345.0 43529.0
5098 55365.0 43529.0
5102 55385.0 43529.0
5106 55405.0 43529.0
5110 55425.0 43529.0
5114 55445.0 43529.0
5118 55465.0 43529.0
5122 55485.0 43529.0
5126 55505.0 43529.0
5130 55525.0 43529.0
5134 55545.0 43529.0
5138 55565.0 43529.0
5142 55585.0 43529.0
5146 55605.0 43529.0
5150 55625.0 43529.0
5154 55645.0 43529.0
5158 55665.0 43529.0
5162 55685.0 43529.0
5166 55705.0 43529.0
5170 55725.0 43529.0
5174 55745.0 43529.0
5178 55765.0 43529.0
5182 55785.0 43529.0
5186 55805.0 43529.0
5190 55825.0 43529.0
5194 55845.0 43529.0
5198 55865.0 43529.0
5202 55885.0 43529.0
5206 55905.0 43529.0
5210 55925.0 43529.0
5214 55945.0 43529.0
5218 55965.0 43529.0
5222 55985.0 43529.0
5226 56005.0 43529.0
5230 56025.0 43529.0
5234 56045.0 43529.0
5238 56065.0 43529.0
5242 56085.0 43529.0
5246 56105.0 43529.0
5250 56125.0 43529.0
5254 56145.0 43529.0
5258 56165.0 43529.0
5262 56185.0 43529.0
5266 56205.0 43529.0
5270 56225.0 43529.0
5274 56245.0 43529.0
5278 56265.0 43529.0
5282 56285.0 43529.0
5286 56305.0 43529.0
5290 56325.0 43529.0
5294 56345.0 43529.0
5298 56365.0 43529.0
5302 56385.0 43529.0
5306 56405.0 43529.0
5310 56425.0 43529.0
5314 56445.0 43529.0
5318 56465.0 43529.0
5322 56485.0 43529.0
5326 56505.0 43529.0
5330 56525.0 43529.0
5334 56545.0 43529.0
5338 56565.0 43529.0
5342 56585.0 43529.0
5346 56605.0 43529.0
5350 56625.0 43529.0
5354 56645.0 43529.0
5358 56665.0 43529.0
5362 56685.0 43529.0
5366 56705.0 43529.0
5370 56725.0 43529.0
5374 56745.0 43529.0
5378 56765.0 43529.0
5382 56785.0 43529.0
5386 56805.0 43529.0
5390 56825.0 43529.0
5394 56845.0 43529.0
5398 56865.0 43529.0
5402 56885.0 43529.0
5406 56905.0 43529.0
5410 56925.0 43529.0
5414 56945.0 43529.0
5418 56965.0 43529.0
5422 56985.0 43529.0
5426 57005.0 43529.0
5430 57025.0 43529.0
5434 57045.0 43529.0
5438 57065.0 43529.0
5442 57085.0 43529.0
5446 57105.0 43529.0
5450 57125.0 43529.0
5454 57145.0 43529.0
5458 57165.0 43529.0
5462 57185.0 43529.0
5466 57205.0 43529.0
5470 57225.0 43529.0
5474 57245.0 43529.0
5478 57265.0 43529.0
5482 57285.0 43529.0
5486 57305.0 43529.0
5490 57325.0 43529.0
5494 57345.0 43529.0
5498 57365.0 43529.0
5502 57385.0 43529.0
5506 57405.0 43529.0
5510 57425.0 43529.0
5514 57445.0 43529.0
5518 57465.0 43529.0
5522 57485.0 43529.0
5526 57505.0 43529.0
5530 57525.0 43529.0
5534 57545.0 43529.0
5538 57565.0 43529.0
5542 57585.0 43529.0
5546 57605.0 43529.0
5550 57625.0 43529.0
5554 57645.0 43529.0
5558 57665.0 43529.0
5562 57685.0 43529.0
5566 57705.0 43529.0
5570 57725.0 43529.0
5574 57745.0 43529.0
5578 57765.0 43529.0
5582 57785.0 43529.0
5586 57805.0 43529.0
5590 57825.0 43529.0
5594 57845.0 43529.0
5598 57865.0 43529.0
5602 57885.0 43529.0
5606 57905.0 43529.0
5610 57925.0 43529.0
5614 57945.0 43529.0
5618 57965.0 43529.0
5622 57985.0 43529.0
5626 58005.0 43529.0
5630 58025.0 43529.0
5634 58045.0 43529.0
5638 58065.0 43529.0
5642 58085.0 43529.0
5646 58105.0 43529.0
5650 58125.0 43529.0
5654 58145.0 43529.0
5658 58165.0 43529.0
5662 58185.0 43529.0
5666 58205.0 43529.0
5670 58225.0 43529.0
5674 58245.0 43529.0
5678 58265.0 43529.0
5682 58285.0 43529.0
5686 58305.0 43529.0
5690 58325.0 43529.0
5694 58345.0 43529.0
5698 58365.0 43529.0
5702 58385.0 43529.0
5706 58405.0 43529.0
5710 58425.0 43529.0
5714 58445.0 43529.0
5718 58465.0 43529.0
5722 58485.0 43529.0
5726 58505.0 43529.0
5730 58525.0 43529.0
5734 58545.0 43529.0
5738 58565.0 43529.0
5742 58585.0 43529.0
5746 58605.0 43529.0
5750 58625.0 43529.0
5754 58645.0 43529.0
5758 58665.0 43529.0
5762 58685.0 43529.0
5766 58705.0 43529.0
5770 58725.0 43529.0
5774 58745.0 43529.0
5778 58765.0 43529.0
5782 58785.0 43529.0
5786 58805.0 43529.0
5790 58825.0 43529.0
5794 58845.0 43529.0
5798 58865.0 43529.0
5802 58885.0 43529.0
5806 58905.0 43529.0
5810 58925.0 43529.0
5814 58945.0 43529.0
5818 58965.0 43529.0
5822 58985.0 43529.0
5826 59005.0 43529.0
5830 59025.0 43529.0
5834 59045.0 43529.0
5838 59065.0 43529.0
5842 59085.0 43529.0
5846 59105.0 43529.0
5850 59125.0 43529.0
5854 59145.0 43529.0
5858 59165.0 43529.0
5862 59185.0 43529.0
5866 59205.0 43529.0
5870 59225.0 43529.0
5874 59245.0 43529.0
5878 59265.0 43529.0
5882 59285.0 43529.0
5886 59305.0 43529.0
5890 59325.0 43529.0
5894 59345.0 43529.0
5898 59365.0 43529.0
5902 59385.0 43529.0
5906 59405.0 43529.0
5910 59425.0 43529.0
5914 59445.0 43529.0
5918 59465.0 43529.0
5922 59485.0 43529.0
5926 59505.0 43529.0
5930 59525.0 43529.0
5934 59545.0 43529.0
5938 59565.0 43529.0
5942 59585.0 43529.0
5946 59605.0 43529.0
5950 59625.0 43529.0
5954 59645.0 43529.0
5958 59665.0 43529.0
5962 59685.0 43529.0
5966 59705.0 43529.0
5970 59725.0 43529.0
5974 59745.0 43529.0
5978 59765.0 43529.0
5982 59785.0 43529.0
5986 59805.0 43529.0
5990 59825.0 43529.0
5994 59845.0 43529.0
5998 59865.0 43529.0
6002 59885.0 43529.0
6006 59905.0 43529.0
6010 59925.0 43529.0
6014 59945.0 43529.0
6018 59965.0 43529.0
6022 59985.0 43529.0
